       0.00230000       0.00230000       0.00230000       0.00230000       0.00230000       0.00230000       0.00230000       0.00230000       0.00230000       0.00230000       0.00230000       0.00230000       0.00230000       0.00230000       0.00230000       0.00230000       0.00230000       0.00230000       0.00230000       0.00230000
       0.00230000       0.00230000       0.00230000       0.00230000       0.00410000       0.00410000       0.00410000       0.00410000       0.00410000       0.00410000       0.00410000       0.00410000       0.00410000       0.00410000       0.00410000       0.00410000       0.00410000       0.00410000       0.00410000       0.00410000
       0.00230000       0.00230000       0.00230000       0.00230000       0.00230000       0.00230000       0.00230000       0.00230000       0.00230000       0.00230000       0.00230000       0.00230000       0.00230000       0.00230000       0.00230000       0.00230000       0.00230000       0.00230000       0.00230000       0.00230000
       0.00230000       0.00230000       0.00230000       0.00230000       0.00230000       0.00230000       0.00230000       0.00410000       0.00410000       0.00410000       0.00410000       0.00410000       0.00410000       0.00410000       0.00410000       0.00410000       0.00410000       0.00410000       0.00410000       0.00410000
       0.00410000       0.00410000       0.00410000       0.00410000       0.00410000       0.00410000       0.00230000       0.00230000       0.00230000       0.00230000       0.00230000       0.00230000       0.00230000       0.00230000       0.00230000       0.00230000       0.00230000       0.00230000       0.00230000       0.00230000
       0.00230000       0.00230000       0.00230000       0.00230000       0.00230000       0.00230000       0.00230000       0.00230000       0.00230000       0.00230000       0.00230000       0.00230000       0.00230000       0.00410000       0.00410000       0.00410000       0.00410000       0.00410000       0.00410000       0.00410000
       0.00410000       0.00410000       0.00410000       0.00410000       0.00410000       0.00410000       0.00410000       0.00410000       0.00410000       0.00410000       0.00410000       0.00410000       0.00230000       0.00230000       0.00230000       0.00230000       0.00230000       0.00230000       0.00230000       0.00230000
       0.00230000       0.00230000       0.00230000       0.00230000       0.00230000       0.00230000       0.00230000       0.00230000       0.00230000       0.00230000       0.00230000       0.00230000       0.00230000       0.00230000       0.00230000       0.00230000       0.00230000       0.00230000       0.00230000       0.00230000
       0.00410000       0.00410000       0.00410000       0.00410000       0.00410000       0.00410000       0.00410000       0.00410000       0.00410000       0.00410000       0.00410000       0.00410000       0.00410000       0.00410000       0.00410000       0.00410000       0.00410000       0.00410000       0.00230000       0.00230000
       0.00230000       0.00230000       0.00230000       0.00230000       0.00230000       0.00230000       0.00230000       0.00230000       0.00230000       0.00230000       0.00230000       0.00230000       0.00230000       0.00230000       0.00230000       0.00230000       0.00230000       0.00230000       0.00230000       0.00230000
       0.00230000       0.00230000       0.00230000       0.00230000       0.00230000       0.00230000       0.00410000       0.00410000       0.00410000       0.00410000       0.00410000       0.00410000       0.00410000       0.00410000       0.00410000       0.00410000       0.00410000       0.00410000       0.00410000       0.00410000
       0.00410000       0.00410000       0.00410000       0.00410000       0.00230000       0.00230000       0.00230000       0.00230000       0.00230000       0.00230000       0.00230000       0.00230000       0.00230000       0.00230000       0.00230000       0.00230000       0.00230000       0.00230000       0.00230000       0.00230000
       0.00230000       0.00230000       0.00230000       0.00230000       0.00230000       0.00230000       0.00230000       0.00230000       0.00230000       0.00230000       0.00230000       0.00230000       0.00410000       0.00410000       0.00410000       0.00410000       0.00410000       0.00410000       0.00410000       0.00410000
       0.00410000       0.00410000       0.00410000       0.00410000       0.00410000       0.00410000       0.00410000       0.00410000       0.00410000       0.00410000       0.00410000       0.00410000       0.00410000       0.00230000       0.00230000       0.00230000       0.00230000       0.00230000       0.00230000       0.00230000
       0.00230000       0.00230000       0.00230000       0.00230000       0.00230000       0.00230000       0.00230000       0.00230000       0.00230000       0.00230000       0.00230000       0.00230000       0.00230000       0.00230000       0.00230000       0.00230000       0.00230000       0.00230000       0.00230000       0.00230000
       0.00230000       0.00230000       0.00410000       0.00410000       0.00410000       0.00410000       0.00410000       0.00410000       0.00410000       0.00410000       0.00410000       0.00410000       0.00410000       0.00410000       0.00410000       0.00410000       0.00410000       0.00410000       0.00410000       0.00410000
       0.00410000       0.00410000       0.00230000       0.00230000       0.00230000       0.00230000       0.00230000       0.00230000       0.00230000       0.00230000       0.00230000       0.00230000       0.00230000       0.00230000       0.00230000       0.00230000       0.00230000       0.00230000       0.00230000       0.00230000
       0.00230000       0.00230000       0.00230000       0.00230000       0.00230000       0.00230000       0.00230000       0.00230000       0.00230000       0.00230000       0.00230000       0.00410000       0.00410000       0.00410000       0.00410000       0.00410000       0.00410000       0.00410000       0.00410000       0.00410000
       0.00410000       0.00410000       0.00410000       0.00410000       0.00410000       0.00410000       0.00410000       0.00410000       0.00230000       0.00230000       0.00230000       0.00230000       0.00230000       0.00230000       0.00230000       0.00230000       0.00230000       0.00230000       0.00230000       0.00230000
       0.00230000       0.00230000       0.00230000       0.00230000       0.00230000       0.00230000       0.00230000       0.00230000       0.00230000       0.00230000       0.00230000       0.00230000       0.00230000       0.00230000       0.00230000       0.00230000       0.00230000       0.00410000       0.00410000       0.00410000
       0.00410000       0.00410000       0.00410000       0.00410000       0.00410000       0.00410000       0.00410000       0.00410000       0.00410000       0.00410000       0.00410000       0.00410000       0.00410000       0.00410000       0.00410000       0.00230000       0.00230000       0.00230000       0.00230000       0.00230000
       0.00230000       0.00230000       0.00230000       0.00230000       0.00230000       0.00230000       0.00230000       0.00230000       0.00230000       0.00230000       0.00230000       0.00230000       0.00230000       0.00230000       0.00230000       0.00230000       0.00230000       0.00230000       0.00230000       0.00230000
       0.00230000       0.00230000       0.00230000       0.00230000       0.00410000       0.00410000       0.00410000       0.00410000       0.00410000       0.00410000       0.00410000       0.00410000       0.00410000       0.00410000       0.00410000       0.00410000       0.00410000       0.00410000       0.00410000       0.00410000
       0.00410000       0.00230000       0.00230000       0.00230000       0.00230000       0.00230000       0.00230000       0.00230000       0.00230000       0.00230000       0.00230000       0.00230000       0.00230000       0.00230000       0.00230000       0.00230000       0.00230000       0.00230000       0.00230000       0.00230000
       0.00230000       0.00230000       0.00230000       0.00230000       0.00230000       0.00230000       0.00230000       0.00230000       0.00230000       0.00230000       0.00230000       0.00230000       0.00410000       0.00410000       0.00410000       0.00410000       0.00410000       0.00410000       0.00410000       0.00410000
       0.00410000       0.00410000       0.00410000       0.00410000       0.00410000       0.00410000       0.00410000       0.00410000       0.00230000       0.00230000       0.00230000       0.00230000       0.00230000       0.00230000       0.00230000       0.00230000       0.00230000       0.00230000       0.00230000       0.00230000
       0.00230000       0.00230000       0.00230000       0.00230000       0.00230000       0.00230000       0.00230000       0.00230000       0.00230000       0.00230000       0.00230000       0.00230000       0.00230000       0.00230000       0.00230000       0.00230000       0.00230000       0.00230000       0.00410000       0.00410000
       0.00410000       0.00410000       0.00410000       0.00410000       0.00410000       0.00410000       0.00410000       0.00410000       0.00410000       0.00410000       0.00410000       0.00410000       0.00410000       0.00410000       0.00410000       0.00410000       0.00410000       0.00230000       0.00230000       0.00230000
       0.00230000       0.00230000       0.00230000       0.00230000       0.00230000       0.00230000       0.00230000       0.00230000       0.00230000       0.00230000       0.00230000       0.00230000       0.00230000       0.00230000       0.00230000       0.00230000       0.00230000       0.00230000       0.00230000       0.00230000
       0.00230000       0.00230000       0.00230000       0.00230000       0.00230000       0.00230000       0.00230000       0.00230000       0.00410000       0.00410000       0.00410000       0.00410000       0.00410000       0.00410000       0.00410000       0.00410000       0.00410000       0.00410000       0.00410000       0.00410000
       0.00410000       0.00410000       0.00410000       0.00410000       0.00230000       0.00230000       0.00230000       0.00230000       0.00230000       0.00230000       0.00230000       0.00230000       0.00230000       0.00230000       0.00230000       0.00230000       0.00230000       0.00230000       0.00230000       0.00230000
       0.00230000       0.00230000       0.00230000       0.00230000       0.00230000       0.00230000       0.00230000       0.00230000       0.00230000       0.00230000       0.00230000       0.00230000       0.00230000       0.00230000       0.00230000       0.00230000       0.00230000       0.00230000       0.00230000       0.00230000
       0.00230000       0.00230000       0.00230000       0.00230000       0.00410000       0.00230000       0.00410000       0.00410000       0.00410000       0.00410000       0.00410000       0.00410000       0.00410000       0.00410000       0.00410000       0.00410000       0.00410000       0.00410000       0.00410000       0.00410000
       0.00410000       0.00410000       0.00410000       0.00410000       0.00410000       0.00410000       0.00410000       0.00410000       0.00410000       0.00410000       0.00410000       0.00410000       0.00410000       0.00410000       0.00410000       0.00410000       0.00410000       0.00410000       0.00410000       0.00410000
       0.00230000       0.00230000       0.00230000       0.00230000       0.00230000       0.00230000       0.00230000       0.00230000       0.00230000       0.00230000       0.00230000       0.00230000       0.00230000       0.00230000       0.00230000       0.00230000       0.00230000       0.00230000       0.00230000       0.00230000
       0.00230000       0.00230000       0.00230000       0.00230000       0.00230000       0.00230000       0.00230000       0.00230000       0.00230000       0.00230000       0.00230000       0.00230000       0.00230000       0.00230000       0.00230000       0.00230000       0.00230000       0.00230000       0.00230000       0.00230000
       0.00230000       0.00230000       0.00230000       0.00230000       0.00230000       0.00230000       0.00230000       0.00230000       0.00230000       0.00410000       0.00410000       0.00230000       0.00410000       0.00410000       0.00410000       0.00410000       0.00410000       0.00410000       0.00410000       0.00410000
       0.00410000       0.00410000       0.00410000       0.00410000       0.00410000       0.00410000       0.00410000       0.00410000       0.00410000       0.00410000       0.00410000       0.00410000       0.00410000       0.00410000       0.00410000       0.00410000       0.00410000       0.00410000       0.00410000       0.00410000
       0.00410000       0.00410000       0.00410000       0.00410000       0.00410000       0.00410000       0.00410000       0.00410000       0.00230000       0.00230000       0.00230000       0.00230000       0.00230000       0.00230000       0.00230000       0.00230000       0.00230000       0.00230000       0.00230000       0.00230000
       0.00230000       0.00230000       0.00230000       0.00230000       0.00230000       0.00230000       0.00230000       0.00230000       0.00230000       0.00230000       0.00230000       0.00230000       0.00230000       0.00230000       0.00230000       0.00230000       0.00230000       0.00230000       0.00230000       0.00230000
       0.00230000       0.00230000       0.00230000       0.00230000       0.00230000       0.00230000       0.00230000       0.00230000       0.00230000       0.00230000       0.00230000       0.00230000       0.00230000       0.00230000       0.00230000       0.00230000       0.00230000       0.00230000       0.00230000       0.00230000
       0.00230000       0.00230000       0.00230000       0.00230000       0.00410000       0.00410000       0.00230000       0.00410000       0.00410000       0.00410000       0.00410000       0.00410000       0.00410000       0.00410000       0.00410000       0.00410000       0.00410000       0.00410000       0.00410000       0.00410000
       0.00410000       0.00410000       0.00410000       0.00410000       0.00410000       0.00410000       0.00410000       0.00410000       0.00410000       0.00410000       0.00410000       0.00410000       0.00410000       0.00410000       0.00410000       0.00410000       0.00410000       0.00410000       0.00410000       0.00410000
       0.00410000       0.00410000       0.00230000       0.00230000       0.00230000       0.00230000       0.00230000       0.00230000       0.00230000       0.00230000       0.00230000       0.00230000       0.00230000       0.00230000       0.00230000       0.00230000       0.00230000       0.00230000       0.00230000       0.00230000
       0.00230000       0.00230000       0.00230000       0.00230000       0.00230000       0.00230000       0.00230000       0.00230000       0.00230000       0.00230000       0.00230000       0.00230000       0.00230000       0.00230000       0.00230000       0.00230000       0.00230000       0.00230000       0.00230000       0.00230000
       0.00230000       0.00230000       0.00230000       0.00230000       0.00230000       0.00230000       0.00230000       0.00230000       0.00230000       0.00230000       0.00230000       0.00230000       0.00230000       0.00230000       0.00230000       0.00230000       0.00230000       0.00230000       0.00230000       0.00230000
       0.00230000       0.00230000       0.00230000       0.00230000       0.00230000       0.00410000       0.00410000       0.00230000       0.00410000       0.00410000       0.00410000       0.00410000       0.00410000       0.00410000       0.00410000       0.00410000       0.00410000       0.00410000       0.00410000       0.00410000
       0.00410000       0.00410000       0.00410000       0.00410000       0.00410000       0.00410000       0.00410000       0.00410000       0.00410000       0.00410000       0.00410000       0.00410000       0.00410000       0.00410000       0.00410000       0.00410000       0.00410000       0.00410000       0.00410000       0.00230000
       0.00230000       0.00230000       0.00230000       0.00230000       0.00230000       0.00230000       0.00230000       0.00230000       0.00230000       0.00230000       0.00230000       0.00230000       0.00230000       0.00230000       0.00230000       0.00230000       0.00230000       0.00230000       0.00230000       0.00230000
       0.00230000       0.00230000       0.00230000       0.00230000       0.00230000       0.00230000       0.00230000       0.00230000       0.00230000       0.00230000       0.00230000       0.00230000       0.00230000       0.00230000       0.00230000       0.00230000       0.00230000       0.00230000       0.00230000       0.00230000
       0.00230000       0.00230000       0.00230000       0.00230000       0.00230000       0.00230000       0.00230000       0.00230000       0.00230000       0.00230000       0.00230000       0.00230000       0.00230000       0.00230000       0.00230000       0.00230000       0.00230000       0.00230000       0.00230000       0.00230000
       0.00230000       0.00230000       0.00230000       0.00230000       0.00230000       0.00230000       0.00230000       0.00230000       0.00230000       0.00230000       0.00230000       0.00230000       0.00230000       0.00230000       0.00230000       0.00230000       0.00230000       0.00230000       0.00230000       0.00230000
       0.00230000       0.00230000       0.00230000       0.00230000       0.00230000       0.00230000       0.00230000       0.00230000       0.00230000       0.00230000       0.00410000       0.00410000       0.00410000       0.00410000       0.00410000       0.00410000       0.00410000       0.00410000       0.00410000       0.00410000
       0.00410000       0.00410000       0.00410000       0.00410000       0.00410000       0.00410000       0.00410000       0.00410000       0.00410000       0.00410000       0.00410000       0.00410000       0.00410000       0.00410000       0.00410000       0.00410000       0.00410000       0.00410000       0.00410000       0.00410000
       0.00230000       0.00230000       0.00230000       0.00230000       0.00230000       0.00230000       0.00230000       0.00230000       0.00230000       0.00230000       0.00230000       0.00230000       0.00230000       0.00230000       0.00230000       0.00230000       0.00230000       0.00230000       0.00230000       0.00230000
       0.00230000       0.00230000       0.00230000       0.00230000       0.00230000       0.00230000       0.00230000       0.00230000       0.00230000       0.00230000       0.00230000       0.00230000       0.00230000       0.00230000       0.00230000       0.00230000       0.00230000       0.00230000       0.00230000       0.00230000
       0.00230000       0.00230000       0.00230000       0.00230000       0.00230000       0.00230000       0.00230000       0.00230000       0.00230000       0.00230000       0.00230000       0.00230000       0.00230000       0.00230000       0.00230000       0.00230000       0.00230000       0.00230000       0.00230000       0.00230000
       0.00230000       0.00230000       0.00230000       0.00230000       0.00230000       0.00230000       0.00230000       0.00230000       0.00230000       0.00230000       0.00230000       0.00230000       0.00230000       0.00230000       0.00230000       0.00230000       0.00230000       0.00230000       0.00230000       0.00230000
       0.00230000       0.00230000       0.00230000       0.00230000       0.00230000       0.00230000       0.00230000       0.00230000       0.00230000       0.00230000       0.00230000       0.00230000       0.00230000       0.00230000       0.00230000       0.00230000       0.00230000       0.00230000       0.00230000       0.00230000
       0.00230000       0.00230000       0.00230000       0.00230000       0.00230000       0.00230000       0.00230000       0.00230000       0.00230000       0.00230000       0.00230000       0.00230000       0.00230000       0.00230000       0.00230000       0.00230000       0.00230000       0.00230000       0.00230000       0.00230000
       0.00230000       0.00230000       0.00230000       0.00230000       0.00230000       0.00230000       0.00230000       0.00230000       0.00230000       0.00230000       0.00230000       0.00230000       0.00230000       0.00230000       0.00230000       0.00230000       0.00230000       0.00230000       0.00230000       0.00230000
       0.00230000       0.00230000       0.00230000       0.00230000       0.00230000       0.00230000       0.00230000       0.00230000       0.00230000       0.00410000       0.00410000       0.00410000       0.00410000       0.00410000       0.00410000       0.00410000       0.00410000       0.00410000       0.00410000       0.00410000
       0.00410000       0.00410000       0.00410000       0.00410000       0.00410000       0.00410000       0.00410000       0.00410000       0.00410000       0.00410000       0.00410000       0.00410000       0.00410000       0.00410000       0.00410000       0.00410000       0.00410000       0.00410000       0.00230000       0.00230000
       0.00230000       0.00230000       0.00230000       0.00230000       0.00230000       0.00230000       0.00230000       0.00230000       0.00230000       0.00230000       0.00230000       0.00230000       0.00230000       0.00230000       0.00230000       0.00230000       0.00230000       0.00230000       0.00230000       0.00230000
       0.00230000       0.00230000       0.00230000       0.00230000       0.00230000       0.00230000       0.00230000       0.00230000       0.00230000       0.00230000       0.00230000       0.00230000       0.00230000       0.00230000       0.00230000       0.00230000       0.00230000       0.00230000       0.00230000       0.00230000
       0.00230000       0.00230000       0.00230000       0.00230000       0.00230000       0.00230000       0.00230000       0.00230000       0.00230000       0.00230000       0.00230000       0.00230000       0.00230000       0.00230000       0.00230000       0.00230000       0.00230000       0.00230000       0.00230000       0.00230000
       0.00230000       0.00230000       0.00230000       0.00230000       0.00230000       0.00230000       0.00230000       0.00230000       0.00230000       0.00230000       0.00230000       0.00230000       0.00230000       0.00230000       0.00230000       0.00230000       0.00230000       0.00230000       0.00230000       0.00230000
       0.00230000       0.00230000       0.00230000       0.00230000       0.00230000       0.00230000       0.00230000       0.00230000       0.00230000       0.00230000       0.00230000       0.00230000       0.00230000       0.00230000       0.00230000       0.00230000       0.00230000       0.00230000       0.00230000       0.00230000
       0.00230000       0.00230000       0.00230000       0.00230000       0.00230000       0.00230000       0.00230000       0.00230000       0.00230000       0.00230000       0.00230000       0.00230000       0.00230000       0.00230000       0.00230000       0.00230000       0.00230000       0.00230000       0.00230000       0.00230000
       0.00230000       0.00230000       0.00230000       0.00230000       0.00230000       0.00230000       0.00230000       0.00230000       0.00230000       0.00230000       0.00230000       0.00230000       0.00230000       0.00230000       0.00230000       0.00230000       0.00230000       0.00230000       0.00230000       0.00230000
       0.00230000       0.00230000       0.00230000       0.00230000       0.00230000       0.00230000       0.00230000       0.00230000       0.00230000       0.00230000       0.00230000       0.00230000       0.00230000       0.00230000       0.00230000       0.00230000       0.00230000       0.00230000       0.00230000       0.00230000
       0.00230000       0.00230000       0.00230000       0.00230000       0.00230000       0.00230000       0.00230000       0.00230000       0.00230000       0.00230000       0.00230000       0.00230000       0.00230000       0.00410000       0.00410000       0.00410000       0.00410000       0.00410000       0.00410000       0.00410000
       0.00410000       0.00410000       0.00410000       0.00410000       0.00410000       0.00410000       0.00410000       0.00410000       0.00410000       0.00410000       0.00410000       0.00410000       0.00410000       0.00410000       0.00410000       0.00410000       0.00410000       0.00410000       0.00410000       0.00410000
       0.00410000       0.00410000       0.00230000       0.00230000       0.00230000       0.00230000       0.00230000       0.00230000       0.00230000       0.00230000       0.00230000       0.00230000       0.00230000       0.00230000       0.00230000       0.00230000       0.00230000       0.00230000       0.00230000       0.00230000
       0.00230000       0.00230000       0.00230000       0.00230000       0.00230000       0.00230000       0.00230000       0.00230000       0.00230000       0.00230000       0.00230000       0.00230000       0.00230000       0.00230000       0.00230000       0.00230000       0.00230000       0.00230000       0.00230000       0.00230000
       0.00230000       0.00230000       0.00230000       0.00230000       0.00230000       0.00230000       0.00230000       0.00230000       0.00230000       0.00230000       0.00230000       0.00230000       0.00230000       0.00230000       0.00230000       0.00230000       0.00230000       0.00230000       0.00230000       0.00230000
       0.00230000       0.00230000       0.00230000       0.00230000       0.00230000       0.00230000       0.00230000       0.00230000       0.00230000       0.00230000       0.00230000       0.00230000       0.00230000       0.00230000       0.00230000       0.00230000       0.00230000       0.00230000       0.00230000       0.00230000
       0.00230000       0.00230000       0.00230000       0.00230000       0.00230000       0.00230000       0.00230000       0.00230000       0.00230000       0.00230000       0.00230000       0.00230000       0.00230000       0.00230000       0.00230000       0.00230000       0.00230000       0.00230000       0.00230000       0.00230000
       0.00230000       0.00230000       0.00230000       0.00230000       0.00230000       0.00230000       0.00230000       0.00230000       0.00230000       0.00230000       0.00230000       0.00230000       0.00230000       0.00230000       0.00230000       0.00230000       0.00230000       0.00230000       0.00230000       0.00230000
       0.00230000       0.00230000       0.00230000       0.00230000       0.00230000       0.00230000       0.00230000       0.00230000       0.00230000       0.00230000       0.00230000       0.00230000       0.00230000       0.00230000       0.00230000       0.00230000       0.00230000       0.00230000       0.00230000       0.00230000
       0.00230000       0.00230000       0.00230000       0.00230000       0.00230000       0.00230000       0.00230000       0.00230000       0.00230000       0.00230000       0.00230000       0.00230000       0.00230000       0.00230000       0.00230000       0.00230000       0.00230000       0.00230000       0.00230000       0.00230000
       0.00230000       0.00230000       0.00230000       0.00230000       0.00230000       0.00230000       0.00230000       0.00230000       0.00230000       0.00230000       0.00230000       0.00230000       0.00230000       0.00230000       0.00230000       0.00230000       0.00230000       0.00230000       0.00230000       0.00230000
       0.00230000       0.00230000       0.00230000       0.00230000       0.00230000       0.00230000       0.00230000       0.00230000       0.00230000       0.00230000       0.00230000       0.00230000       0.00230000       0.00230000       0.00230000       0.00230000       0.00410000       0.00410000       0.00410000       0.00410000
       0.00410000       0.00410000       0.00410000       0.00410000       0.00410000       0.00410000       0.00410000       0.00410000       0.00410000       0.00410000       0.00410000       0.00410000       0.00410000       0.00410000       0.00410000       0.00410000       0.00410000       0.00410000       0.00410000       0.00410000
       0.00410000       0.00410000       0.00230000       0.00230000       0.00230000       0.00230000       0.00230000       0.00230000       0.00230000       0.00230000       0.00230000       0.00230000       0.00230000       0.00230000       0.00230000       0.00230000       0.00230000       0.00230000       0.00230000       0.00230000
       0.00230000       0.00230000       0.00230000       0.00230000       0.00230000       0.00230000       0.00230000       0.00230000       0.00230000       0.00230000       0.00230000       0.00230000       0.00230000       0.00230000       0.00230000       0.00230000       0.00230000       0.00230000       0.00230000       0.00230000
       0.00230000       0.00230000       0.00230000       0.00230000       0.00230000       0.00230000       0.00230000       0.00230000       0.00230000       0.00230000       0.00230000       0.00230000       0.00230000       0.00230000       0.00230000       0.00230000       0.00230000       0.00230000       0.00230000       0.00230000
       0.00230000       0.00230000       0.00230000       0.00230000       0.00230000       0.00230000       0.00230000       0.00230000       0.00230000       0.00230000       0.00230000       0.00230000       0.00230000       0.00230000       0.00230000       0.00230000       0.00230000       0.00230000       0.00230000       0.00230000
       0.00230000       0.00230000       0.00230000       0.00230000       0.00230000       0.00230000       0.00230000       0.00230000       0.00230000       0.00230000       0.00230000       0.00230000       0.00230000       0.00230000       0.00230000       0.00230000       0.00230000       0.00230000       0.00230000       0.00230000
       0.00230000       0.00230000       0.00230000       0.00230000       0.00230000       0.00230000       0.00230000       0.00230000       0.00230000       0.00230000       0.00230000       0.00230000       0.00230000       0.00230000       0.00230000       0.00230000       0.00230000       0.00230000       0.00230000       0.00230000
       0.00230000       0.00230000       0.00230000       0.00230000       0.00230000       0.00230000       0.00230000       0.00230000       0.00230000       0.00230000       0.00230000       0.00230000       0.00230000       0.00230000       0.00230000       0.00230000       0.00230000       0.00230000       0.00230000       0.00230000
       0.00230000       0.00230000       0.00230000       0.00230000       0.00230000       0.00230000       0.00230000       0.00230000       0.00230000       0.00230000       0.00230000       0.00230000       0.00230000       0.00230000       0.00230000       0.00230000       0.00230000       0.00230000       0.00230000       0.00230000
       0.00230000       0.00230000       0.00230000       0.00230000       0.00230000       0.00230000       0.00230000       0.00230000       0.00230000       0.00230000       0.00230000       0.00230000       0.00230000       0.00230000       0.00230000       0.00230000       0.00230000       0.00230000       0.00230000       0.00230000
       0.00230000       0.00230000       0.00230000       0.00230000       0.00230000       0.00230000       0.00230000       0.00230000       0.00230000       0.00230000       0.00230000       0.00230000       0.00230000       0.00230000       0.00230000       0.00230000       0.00230000       0.00230000       0.00230000       0.00230000
       0.00230000       0.00230000       0.00230000       0.00230000       0.00230000       0.00230000       0.00230000       0.00230000       0.00230000       0.00230000       0.00230000       0.00230000       0.00230000       0.00230000       0.00230000       0.00230000       0.00230000       0.00230000       0.00230000       0.00230000
       0.00230000       0.00230000       0.00230000       0.00230000       0.00230000       0.00230000       0.00410000       0.00230000       0.00410000       0.00410000       0.00410000       0.00410000       0.00410000       0.00410000       0.00410000       0.00410000       0.00410000       0.00410000       0.00410000       0.00410000
       0.00410000       0.00410000       0.00410000       0.00410000       0.00410000       0.00410000       0.00410000       0.00410000       0.00410000       0.00410000       0.00410000       0.00410000       0.00410000       0.00410000       0.00410000       0.00230000       0.00230000       0.00230000       0.00230000       0.00230000
       0.00230000       0.00230000       0.00230000       0.00230000       0.00230000       0.00230000       0.00230000       0.00230000       0.00230000       0.00230000       0.00230000       0.00230000       0.00230000       0.00230000       0.00230000       0.00230000       0.00230000       0.00230000       0.00230000       0.00230000
       0.00230000       0.00230000       0.00230000       0.00230000       0.00230000       0.00230000       0.00230000       0.00230000       0.00230000       0.00230000       0.00230000       0.00230000       0.00230000       0.00230000       0.00230000       0.00230000       0.00230000       0.00230000       0.00230000       0.00230000
       0.00230000       0.00230000       0.00230000       0.00230000       0.00230000       0.00230000       0.00230000       0.00230000       0.00230000       0.00230000       0.00230000       0.00230000       0.00230000       0.00230000       0.00230000       0.00230000       0.00230000       0.00230000       0.00230000       0.00230000
       0.00230000       0.00230000       0.00230000       0.00230000       0.00230000       0.00230000       0.00230000       0.00230000       0.00230000       0.00230000       0.00230000       0.00230000       0.00230000       0.00230000       0.00230000       0.00230000       0.00230000       0.00230000       0.00230000       0.00230000
       0.00230000       0.00230000       0.00230000       0.00230000       0.00230000       0.00230000       0.00230000       0.00230000       0.00230000       0.00230000       0.00230000       0.00230000       0.00230000       0.00230000       0.00230000       0.00230000       0.00230000       0.00230000       0.00230000       0.00230000
       0.00230000       0.00230000       0.00230000       0.00230000       0.00230000       0.00230000       0.00230000       0.00230000       0.00230000       0.00230000       0.00230000       0.00230000       0.00230000       0.00230000       0.00230000       0.00230000       0.00230000       0.00230000       0.00230000       0.00230000
       0.00230000       0.00230000       0.00230000       0.00230000       0.00230000       0.00230000       0.00230000       0.00230000       0.00230000       0.00230000       0.00230000       0.00230000       0.00230000       0.00230000       0.00230000       0.00230000       0.00230000       0.00230000       0.00230000       0.00230000
       0.00230000       0.00230000       0.00230000       0.00230000       0.00230000       0.00230000       0.00230000       0.00230000       0.00230000       0.00230000       0.00230000       0.00230000       0.00230000       0.00230000       0.00230000       0.00230000       0.00230000       0.00230000       0.00230000       0.00230000
       0.00230000       0.00230000       0.00230000       0.00230000       0.00230000       0.00230000       0.00230000       0.00230000       0.00230000       0.00230000       0.00230000       0.00230000       0.00230000       0.00230000       0.00230000       0.00230000       0.00230000       0.00230000       0.00230000       0.00230000
       0.00230000       0.00230000       0.00230000       0.00230000       0.00230000       0.00230000       0.00230000       0.00230000       0.00230000       0.00230000       0.00230000       0.00230000       0.00230000       0.00230000       0.00230000       0.00230000       0.00230000       0.00230000       0.00230000       0.00230000
       0.00230000       0.00230000       0.00230000       0.00230000       0.00230000       0.00230000       0.00230000       0.00230000       0.00230000       0.00230000       0.00230000       0.00230000       0.00230000       0.00230000       0.00230000       0.00230000       0.00230000       0.00230000       0.00230000       0.00230000
       0.00230000       0.00230000       0.00230000       0.00230000       0.00230000       0.00230000       0.00230000       0.00230000       0.00230000       0.00230000       0.00230000       0.00230000       0.00230000       0.00230000       0.00230000       0.00230000       0.00230000       0.00230000       0.00230000       0.00230000
       0.00410000       0.00230000       0.00410000       0.00410000       0.00410000       0.00410000       0.00410000       0.00410000       0.00410000       0.00410000       0.00410000       0.00410000       0.00410000       0.00410000       0.00410000       0.00410000       0.00410000       0.00410000       0.00410000       0.00410000
       0.00410000       0.00410000       0.00410000       0.00410000       0.00410000       0.00410000       0.00410000       0.00410000       0.00410000       0.00230000       0.00230000       0.00230000       0.00230000       0.00230000       0.00230000       0.00230000       0.00230000       0.00230000       0.00230000       0.00230000
       0.00230000       0.00230000       0.00230000       0.00230000       0.00230000       0.00230000       0.00230000       0.00230000       0.00230000       0.00230000       0.00230000       0.00230000       0.00230000       0.00230000       0.00230000       0.00230000       0.00230000       0.00230000       0.00230000       0.00230000
       0.00230000       0.00230000       0.00230000       0.00230000       0.00230000       0.00230000       0.00230000       0.00230000       0.00230000       0.00230000       0.00230000       0.00230000       0.00230000       0.00230000       0.00230000       0.00230000       0.00230000       0.00230000       0.00230000       0.00230000
       0.00230000       0.00230000       0.00230000       0.00230000       0.00230000       0.00230000       0.00230000       0.00230000       0.00230000       0.00230000       0.00230000       0.00230000       0.00230000       0.00230000       0.00230000       0.00230000       0.00230000       0.00230000       0.00230000       0.00230000
       0.00230000       0.00230000       0.00230000       0.00230000       0.00230000       0.00230000       0.00230000       0.00230000       0.00230000       0.00230000       0.00230000       0.00230000       0.00230000       0.00230000       0.00230000       0.00230000       0.00230000       0.00230000       0.00230000       0.00230000
       0.00230000       0.00230000       0.00230000       0.00230000       0.00230000       0.00230000       0.00230000       0.00230000       0.00230000       0.00230000       0.00230000       0.00230000       0.00230000       0.00230000       0.00230000       0.00230000       0.00230000       0.00230000       0.00230000       0.00230000
       0.00230000       0.00230000       0.00230000       0.00230000       0.00230000       0.00230000       0.00230000       0.00230000       0.00230000       0.00230000       0.00230000       0.00230000       0.00230000       0.00230000       0.00230000       0.00230000       0.00230000       0.00230000       0.00230000       0.00230000
       0.00230000       0.00230000       0.00230000       0.00230000       0.00230000       0.00230000       0.00230000       0.00230000       0.00230000       0.00230000       0.00230000       0.00230000       0.00230000       0.00230000       0.00230000       0.00230000       0.00230000       0.00230000       0.00230000       0.00230000
       0.00230000       0.00230000       0.00230000       0.00230000       0.00230000       0.00230000       0.00230000       0.00230000       0.00230000       0.00230000       0.00230000       0.00230000       0.00230000       0.00230000       0.00230000       0.00230000       0.00230000       0.00230000       0.00230000       0.00230000
       0.00230000       0.00230000       0.00230000       0.00230000       0.00230000       0.00230000       0.00230000       0.00230000       0.00230000       0.00230000       0.00230000       0.00230000       0.00230000       0.00230000       0.00230000       0.00230000       0.00230000       0.00230000       0.00230000       0.00230000
       0.00230000       0.00230000       0.00230000       0.00230000       0.00230000       0.00230000       0.00230000       0.00230000       0.00230000       0.00230000       0.00230000       0.00230000       0.00230000       0.00230000       0.00230000       0.00230000       0.00230000       0.00230000       0.00230000       0.00230000
       0.00230000       0.00230000       0.00230000       0.00230000       0.00230000       0.00230000       0.00230000       0.00230000       0.00230000       0.00230000       0.00230000       0.00230000       0.00230000       0.00230000       0.00230000       0.00230000       0.00230000       0.00230000       0.00230000       0.00230000
       0.00230000       0.00230000       0.00230000       0.00230000       0.00230000       0.00230000       0.00230000       0.00230000       0.00230000       0.00230000       0.00230000       0.00230000       0.00230000       0.00230000       0.00230000       0.00230000       0.00230000       0.00230000       0.00230000       0.00230000
       0.00410000       0.00230000       0.00410000       0.00410000       0.00410000       0.00410000       0.00410000       0.00410000       0.00410000       0.00410000       0.00410000       0.00410000       0.00410000       0.00410000       0.00410000       0.00410000       0.00410000       0.00410000       0.00410000       0.00410000
       0.00410000       0.00410000       0.00410000       0.00410000       0.00410000       0.00410000       0.00410000       0.00410000       0.00410000       0.00230000       0.00230000       0.00230000       0.00230000       0.00230000       0.00230000       0.00230000       0.00230000       0.00230000       0.00230000       0.00230000
       0.00230000       0.00230000       0.00230000       0.00230000       0.00230000       0.00230000       0.00230000       0.00230000       0.00230000       0.00230000       0.00230000       0.00230000       0.00230000       0.00230000       0.00230000       0.00230000       0.00230000       0.00230000       0.00230000       0.00230000
       0.00230000       0.00230000       0.00230000       0.00230000       0.00230000       0.00230000       0.00230000       0.00230000       0.00230000       0.00230000       0.00230000       0.00230000       0.00230000       0.00230000       0.00230000       0.00230000       0.00230000       0.00230000       0.00230000       0.00230000
       0.00230000       0.00230000       0.00230000       0.00230000       0.00230000       0.00230000       0.00230000       0.00230000       0.00230000       0.00230000       0.00230000       0.00230000       0.00230000       0.00230000       0.00230000       0.00230000       0.00230000       0.00230000       0.00230000       0.00230000
       0.00230000       0.00230000       0.00230000       0.00230000       0.00230000       0.00230000       0.00230000       0.00230000       0.00230000       0.00230000       0.00230000       0.00230000       0.00230000       0.00230000       0.00230000       0.00230000       0.00230000       0.00230000       0.00230000       0.00230000
       0.00230000       0.00230000       0.00230000       0.00230000       0.00230000       0.00230000       0.00230000       0.00230000       0.00230000       0.00230000       0.00230000       0.00230000       0.00230000       0.00230000       0.00230000       0.00230000       0.00230000       0.00230000       0.00230000       0.00230000
       0.00230000       0.00230000       0.00230000       0.00230000       0.00230000       0.00230000       0.00230000       0.00230000       0.00230000       0.00230000       0.00230000       0.00230000       0.00230000       0.00230000       0.00230000       0.00230000       0.00230000       0.00230000       0.00230000       0.00230000
       0.00230000       0.00230000       0.00230000       0.00230000       0.00230000       0.00230000       0.00230000       0.00230000       0.00230000       0.00230000       0.00230000       0.00230000       0.00230000       0.00230000       0.00230000       0.00230000       0.00230000       0.00230000       0.00230000       0.00230000
       0.00230000       0.00230000       0.00230000       0.00230000       0.00230000       0.00230000       0.00230000       0.00230000       0.00230000       0.00230000       0.00230000       0.00230000       0.00230000       0.00230000       0.00230000       0.00230000       0.00230000       0.00230000       0.00230000       0.00230000
       0.00230000       0.00230000       0.00230000       0.00230000       0.00230000       0.00230000       0.00230000       0.00230000       0.00230000       0.00230000       0.00230000       0.00230000       0.00230000       0.00230000       0.00230000       0.00230000       0.00230000       0.00230000       0.00230000       0.00230000
       0.00230000       0.00230000       0.00230000       0.00230000       0.00230000       0.00230000       0.00230000       0.00230000       0.00230000       0.00230000       0.00230000       0.00230000       0.00230000       0.00230000       0.00230000       0.00230000       0.00230000       0.00230000       0.00230000       0.00230000
       0.00230000       0.00230000       0.00230000       0.00230000       0.00230000       0.00230000       0.00230000       0.00230000       0.00230000       0.00230000       0.00230000       0.00230000       0.00230000       0.00230000       0.00230000       0.00230000       0.00230000       0.00230000       0.00230000       0.00230000
       0.00230000       0.00230000       0.00230000       0.00230000       0.00230000       0.00230000       0.00230000       0.00230000       0.00230000       0.00230000       0.00230000       0.00230000       0.00230000       0.00230000       0.00230000       0.00230000       0.00410000       0.00410000       0.00410000       0.00410000
       0.00410000       0.00410000       0.00410000       0.00410000       0.00410000       0.00410000       0.00410000       0.00410000       0.00410000       0.00410000       0.00410000       0.00410000       0.00410000       0.00410000       0.00410000       0.00410000       0.00410000       0.00410000       0.00410000       0.00410000
       0.00410000       0.00410000       0.00410000       0.00410000       0.00230000       0.00230000       0.00230000       0.00230000       0.00230000       0.00230000       0.00230000       0.00230000       0.00230000       0.00230000       0.00230000       0.00230000       0.00230000       0.00230000       0.00230000       0.00230000
       0.00230000       0.00230000       0.00230000       0.00230000       0.00230000       0.00230000       0.00230000       0.00230000       0.00230000       0.00230000       0.00230000       0.00230000       0.00230000       0.00230000       0.00230000       0.00230000       0.00230000       0.00230000       0.00230000       0.00230000
       0.00230000       0.00230000       0.00230000       0.00230000       0.00230000       0.00230000       0.00230000       0.00230000       0.00230000       0.00230000       0.00230000       0.00230000       0.00230000       0.00230000       0.00230000       0.00230000       0.00230000       0.00230000       0.00230000       0.00230000
       0.00230000       0.00230000       0.00230000       0.00230000       0.00230000       0.00230000       0.00230000       0.00230000       0.00230000       0.00230000       0.00230000       0.00230000       0.00230000       0.00230000       0.00230000       0.00230000       0.00230000       0.00230000       0.00230000       0.00230000
       0.00230000       0.00230000       0.00230000       0.00230000       0.00230000       0.00230000       0.00230000       0.00230000       0.00230000       0.00230000       0.00230000       0.00230000       0.00230000       0.00230000       0.00230000       0.00230000       0.00230000       0.00230000       0.00230000       0.00230000
       0.00230000       0.00230000       0.00230000       0.00230000       0.00230000       0.00230000       0.00230000       0.00230000       0.00230000       0.00230000       0.00230000       0.00230000       0.00230000       0.00230000       0.00230000       0.00230000       0.00230000       0.00230000       0.00230000       0.00230000
       0.00230000       0.00230000       0.00230000       0.00230000       0.00230000       0.00230000       0.00230000       0.00230000       0.00230000       0.00230000       0.00230000       0.00230000       0.00230000       0.00230000       0.00230000       0.00230000       0.00230000       0.00230000       0.00230000       0.00230000
       0.00230000       0.00230000       0.00230000       0.00230000       0.00230000       0.00230000       0.00230000       0.00230000       0.00230000       0.00230000       0.00230000       0.00230000       0.00230000       0.00230000       0.00230000       0.00230000       0.00230000       0.00230000       0.00230000       0.00230000
       0.00230000       0.00230000       0.00230000       0.00230000       0.00230000       0.00230000       0.00230000       0.00230000       0.00230000       0.00230000       0.00230000       0.00230000       0.00230000       0.00230000       0.00230000       0.00230000       0.00230000       0.00230000       0.00230000       0.00230000
       0.00230000       0.00230000       0.00230000       0.00230000       0.00230000       0.00230000       0.00230000       0.00230000       0.00230000       0.00230000       0.00230000       0.00230000       0.00230000       0.00230000       0.00230000       0.00230000       0.00230000       0.00230000       0.00230000       0.00230000
       0.00230000       0.00230000       0.00230000       0.00230000       0.00230000       0.00230000       0.00230000       0.00230000       0.00230000       0.00230000       0.00230000       0.00230000       0.00230000       0.00230000       0.00230000       0.00230000       0.00230000       0.00230000       0.00230000       0.00230000
       0.00230000       0.00230000       0.00230000       0.00230000       0.00230000       0.00230000       0.00230000       0.00230000       0.00230000       0.00230000       0.00230000       0.00230000       0.00230000       0.00230000       0.00230000       0.00230000       0.00230000       0.00230000       0.00230000       0.00230000
       0.00230000       0.00230000       0.00230000       0.00230000       0.00230000       0.00230000       0.00230000       0.00410000       0.00410000       0.00410000       0.00410000       0.00410000       0.00410000       0.00410000       0.00410000       0.00410000       0.00410000       0.00410000       0.00410000       0.00410000
       0.00410000       0.00410000       0.00410000       0.00410000       0.00410000       0.00410000       0.00410000       0.00410000       0.00410000       0.00230000       0.00230000       0.00230000       0.00230000       0.00230000       0.00230000       0.00230000       0.00230000       0.00230000       0.00230000       0.00230000
       0.00230000       0.00230000       0.00230000       0.00230000       0.00230000       0.00230000       0.00230000       0.00230000       0.00230000       0.00230000       0.00230000       0.00230000       0.00230000       0.00230000       0.00230000       0.00230000       0.00230000       0.00230000       0.00230000       0.00230000
       0.00230000       0.00230000       0.00230000       0.00230000       0.00230000       0.00230000       0.00230000       0.00230000       0.00230000       0.00230000       0.00230000       0.00230000       0.00230000       0.00230000       0.00230000       0.00230000       0.00230000       0.00230000       0.00230000       0.00230000
       0.00230000       0.00230000       0.00230000       0.00230000       0.00230000       0.00230000       0.00230000       0.00230000       0.00230000       0.00230000       0.00230000       0.00230000       0.00230000       0.00230000       0.00230000       0.00230000       0.00230000       0.00230000       0.00230000       0.00230000
       0.00230000       0.00230000       0.00230000       0.00230000       0.00230000       0.00230000       0.00230000       0.00230000       0.00230000       0.00230000       0.00230000       0.00230000       0.00230000       0.00230000       0.00230000       0.00230000       0.00230000       0.00230000       0.00230000       0.00230000
       0.00230000       0.00230000       0.00230000       0.00230000       0.00230000       0.00230000       0.00230000       0.00230000       0.00230000       0.00230000       0.00230000       0.00230000       0.00230000       0.00230000       0.00230000       0.00230000       0.00230000       0.00230000       0.00230000       0.00230000
       0.00230000       0.00230000       0.00230000       0.00230000       0.00230000       0.00230000       0.00230000       0.00230000       0.00230000       0.00230000       0.00230000       0.00230000       0.00230000       0.00230000       0.00230000       0.00230000       0.00230000       0.00230000       0.00230000       0.00230000
       0.00230000       0.00230000       0.00230000       0.00230000       0.00230000       0.00230000       0.00230000       0.00230000       0.00230000       0.00230000       0.00230000       0.00230000       0.00230000       0.00230000       0.00230000       0.00230000       0.00230000       0.00230000       0.00230000       0.00230000
       0.00230000       0.00230000       0.00230000       0.00230000       0.00230000       0.00230000       0.00230000       0.00230000       0.00230000       0.00230000       0.00230000       0.00230000       0.00230000       0.00230000       0.00230000       0.00230000       0.00230000       0.00230000       0.00230000       0.00230000
       0.00230000       0.00230000       0.00230000       0.00230000       0.00230000       0.00230000       0.00230000       0.00230000       0.00230000       0.00230000       0.00230000       0.00230000       0.00230000       0.00230000       0.00230000       0.00230000       0.00230000       0.00230000       0.00230000       0.00230000
       0.00230000       0.00230000       0.00230000       0.00230000       0.00230000       0.00230000       0.00230000       0.00230000       0.00230000       0.00230000       0.00230000       0.00230000       0.00230000       0.00230000       0.00230000       0.00230000       0.00230000       0.00230000       0.00230000       0.00230000
       0.00230000       0.00230000       0.00230000       0.00230000       0.00230000       0.00230000       0.00230000       0.00230000       0.00230000       0.00230000       0.00230000       0.00230000       0.00230000       0.00230000       0.00230000       0.00230000       0.00230000       0.00230000       0.00230000       0.00230000
       0.00230000       0.00230000       0.00230000       0.00410000       0.00410000       0.00410000       0.00410000       0.00410000       0.00410000       0.00410000       0.00410000       0.00410000       0.00410000       0.00410000       0.00410000       0.00410000       0.00410000       0.00410000       0.00410000       0.00410000
       0.00410000       0.00410000       0.00410000       0.00410000       0.00410000       0.00230000       0.00230000       0.00230000       0.00230000       0.00230000       0.00230000       0.00230000       0.00230000       0.00230000       0.00230000       0.00230000       0.00230000       0.00230000       0.00230000       0.00230000
       0.00230000       0.00230000       0.00230000       0.00230000       0.00230000       0.00230000       0.00230000       0.00230000       0.00230000       0.00230000       0.00230000       0.00230000       0.00230000       0.00230000       0.00230000       0.00230000       0.00230000       0.00230000       0.00230000       0.00230000
       0.00230000       0.00230000       0.00230000       0.00230000       0.00230000       0.00230000       0.00230000       0.00230000       0.00230000       0.00230000       0.00230000       0.00230000       0.00230000       0.00230000       0.00230000       0.00230000       0.00230000       0.00230000       0.00230000       0.00230000
       0.00230000       0.00230000       0.00230000       0.00230000       0.00230000       0.00230000       0.00230000       0.00230000       0.00230000       0.00230000       0.00230000       0.00230000       0.00230000       0.00230000       0.00230000       0.00230000       0.00230000       0.00230000       0.00230000       0.00230000
       0.00230000       0.00230000       0.00230000       0.00230000       0.00230000       0.00230000       0.00230000       0.00230000       0.00230000       0.00230000       0.00230000       0.00230000       0.00230000       0.00230000       0.00230000       0.00230000       0.00230000       0.00230000       0.00230000       0.00230000
       0.00230000       0.00230000       0.00230000       0.00230000       0.00230000       0.00230000       0.00230000       0.00230000       0.00230000       0.00230000       0.00230000       0.00230000       0.00230000       0.00230000       0.00230000       0.00230000       0.00230000       0.00230000       0.00230000       0.00230000
       0.00230000       0.00230000       0.00230000       0.00230000       0.00230000       0.00230000       0.00230000       0.00230000       0.00230000       0.00230000       0.00230000       0.00230000       0.00230000       0.00230000       0.00230000       0.00230000       0.00230000       0.00230000       0.00230000       0.00230000
       0.00230000       0.00230000       0.00230000       0.00230000       0.00230000       0.00230000       0.00230000       0.00230000       0.00230000       0.00230000       0.00230000       0.00230000       0.00230000       0.00230000       0.00230000       0.00230000       0.00230000       0.00230000       0.00230000       0.00230000
       0.00230000       0.00230000       0.00230000       0.00230000       0.00230000       0.00230000       0.00230000       0.00230000       0.00230000       0.00230000       0.00230000       0.00230000       0.00230000       0.00230000       0.00230000       0.00230000       0.00230000       0.00230000       0.00230000       0.00230000
       0.00230000       0.00230000       0.00230000       0.00230000       0.00230000       0.00230000       0.00230000       0.00230000       0.00230000       0.00230000       0.00230000       0.00230000       0.00230000       0.00230000       0.00230000       0.00230000       0.00230000       0.00230000       0.00230000       0.00230000
       0.00230000       0.00230000       0.00230000       0.00230000       0.00230000       0.00230000       0.00230000       0.00230000       0.00230000       0.00230000       0.00230000       0.00230000       0.00230000       0.00230000       0.00230000       0.00230000       0.00230000       0.00230000       0.00230000       0.00230000
       0.00230000       0.00230000       0.00230000       0.00230000       0.00230000       0.00230000       0.00230000       0.00410000       0.00410000       0.00410000       0.00410000       0.00410000       0.00410000       0.00410000       0.00410000       0.00410000       0.00410000       0.00410000       0.00410000       0.00410000
       0.00410000       0.00410000       0.00230000       0.00410000       0.00410000       0.00410000       0.00230000       0.00230000       0.00230000       0.00230000       0.00230000       0.00230000       0.00230000       0.00230000       0.00230000       0.00230000       0.00230000       0.00230000       0.00230000       0.00230000
       0.00230000       0.00230000       0.00230000       0.00230000       0.00230000       0.00230000       0.00230000       0.00230000       0.00230000       0.00230000       0.00230000       0.00230000       0.00230000       0.00230000       0.00230000       0.00230000       0.00230000       0.00230000       0.00230000       0.00230000
       0.00230000       0.00230000       0.00230000       0.00230000       0.00230000       0.00230000       0.00230000       0.00230000       0.00230000       0.00230000       0.00230000       0.00230000       0.00230000       0.00230000       0.00230000       0.00230000       0.00230000       0.00230000       0.00230000       0.00230000
       0.00230000       0.00230000       0.00230000       0.00230000       0.00230000       0.00230000       0.00230000       0.00230000       0.00230000       0.00230000       0.00230000       0.00230000       0.00230000       0.00230000       0.00230000       0.00230000       0.00230000       0.00230000       0.00230000       0.00230000
       0.00230000       0.00230000       0.00230000       0.00230000       0.00230000       0.00230000       0.00230000       0.00230000       0.00230000       0.00230000       0.00230000       0.00230000       0.00230000       0.00230000       0.00230000       0.00230000       0.00230000       0.00230000       0.00230000       0.00230000
       0.00230000       0.00230000       0.00230000       0.00230000       0.00230000       0.00230000       0.00230000       0.00230000       0.00230000       0.00230000       0.00230000       0.00230000       0.00230000       0.00230000       0.00230000       0.00230000       0.00230000       0.00230000       0.00230000       0.00230000
       0.00230000       0.00230000       0.00230000       0.00230000       0.00230000       0.00230000       0.00230000       0.00230000       0.00230000       0.00230000       0.00230000       0.00230000       0.00230000       0.00230000       0.00230000       0.00230000       0.00230000       0.00230000       0.00230000       0.00230000
       0.00230000       0.00230000       0.00230000       0.00230000       0.00230000       0.00230000       0.00230000       0.00230000       0.00230000       0.00230000       0.00230000       0.00230000       0.00230000       0.00230000       0.00230000       0.00230000       0.00230000       0.00230000       0.00230000       0.00230000
       0.00230000       0.00230000       0.00230000       0.00230000       0.00230000       0.00230000       0.00230000       0.00230000       0.00230000       0.00230000       0.00230000       0.00230000       0.00230000       0.00230000       0.00230000       0.00230000       0.00230000       0.00230000       0.00230000       0.00230000
       0.00230000       0.00230000       0.00230000       0.00230000       0.00230000       0.00230000       0.00230000       0.00230000       0.00230000       0.00230000       0.00230000       0.00230000       0.00230000       0.00230000       0.00230000       0.00230000       0.00230000       0.00230000       0.00230000       0.00230000
       0.00230000       0.00230000       0.00230000       0.00230000       0.00230000       0.00230000       0.00230000       0.00230000       0.00230000       0.00230000       0.00230000       0.00230000       0.00230000       0.00410000       0.00410000       0.00410000       0.00410000       0.00410000       0.00410000       0.00410000
       0.00410000       0.00410000       0.00410000       0.00410000       0.00410000       0.00410000       0.00410000       0.00410000       0.00230000       0.00410000       0.00410000       0.00410000       0.00410000       0.00230000       0.00230000       0.00230000       0.00230000       0.00230000       0.00230000       0.00230000
       0.00230000       0.00230000       0.00230000       0.00230000       0.00230000       0.00230000       0.00230000       0.00230000       0.00230000       0.00230000       0.00230000       0.00230000       0.00230000       0.00230000       0.00230000       0.00230000       0.00230000       0.00230000       0.00230000       0.00230000
       0.00230000       0.00230000       0.00230000       0.00230000       0.00230000       0.00230000       0.00230000       0.00230000       0.00230000       0.00230000       0.00230000       0.00230000       0.00230000       0.00230000       0.00230000       0.00230000       0.00230000       0.00230000       0.00230000       0.00230000
       0.00230000       0.00230000       0.00230000       0.00230000       0.00230000       0.00230000       0.00230000       0.00230000       0.00230000       0.00230000       0.00230000       0.00230000       0.00230000       0.00230000       0.00230000       0.00230000       0.00230000       0.00230000       0.00230000       0.00230000
       0.00230000       0.00230000       0.00230000       0.00230000       0.00230000       0.00230000       0.00230000       0.00230000       0.00230000       0.00230000       0.00230000       0.00230000       0.00230000       0.00230000       0.00230000       0.00230000       0.00230000       0.00230000       0.00230000       0.00230000
       0.00230000       0.00230000       0.00230000       0.00230000       0.00230000       0.00230000       0.00230000       0.00230000       0.00230000       0.00230000       0.00230000       0.00230000       0.00230000       0.00230000       0.00230000       0.00230000       0.00230000       0.00230000       0.00230000       0.00230000
       0.00230000       0.00230000       0.00230000       0.00230000       0.00230000       0.00230000       0.00230000       0.00230000       0.00230000       0.00230000       0.00230000       0.00230000       0.00230000       0.00230000       0.00230000       0.00230000       0.00230000       0.00230000       0.00230000       0.00230000
       0.00230000       0.00230000       0.00230000       0.00230000       0.00230000       0.00230000       0.00230000       0.00230000       0.00230000       0.00230000       0.00230000       0.00230000       0.00230000       0.00230000       0.00230000       0.00230000       0.00230000       0.00230000       0.00230000       0.00230000
       0.00230000       0.00230000       0.00230000       0.00230000       0.00230000       0.00230000       0.00230000       0.00230000       0.00230000       0.00230000       0.00230000       0.00230000       0.00230000       0.00230000       0.00230000       0.00230000       0.00230000       0.00230000       0.00230000       0.00230000
       0.00230000       0.00230000       0.00230000       0.00230000       0.00230000       0.00230000       0.00230000       0.00230000       0.00230000       0.00230000       0.00230000       0.00230000       0.00230000       0.00230000       0.00230000       0.00230000       0.00230000       0.00230000       0.00410000       0.00410000
       0.00410000       0.00410000       0.00410000       0.00410000       0.00410000       0.00410000       0.00410000       0.00410000       0.00410000       0.00410000       0.00230000       0.00410000       0.00410000       0.00410000       0.00410000       0.00230000       0.00230000       0.00230000       0.00230000       0.00230000
       0.00230000       0.00230000       0.00230000       0.00230000       0.00230000       0.00230000       0.00230000       0.00230000       0.00230000       0.00230000       0.00230000       0.00230000       0.00230000       0.00230000       0.00230000       0.00230000       0.00230000       0.00230000       0.00230000       0.00230000
       0.00230000       0.00230000       0.00230000       0.00230000       0.00230000       0.00230000       0.00230000       0.00230000       0.00230000       0.00230000       0.00230000       0.00230000       0.00230000       0.00230000       0.00230000       0.00230000       0.00230000       0.00230000       0.00230000       0.00230000
       0.00230000       0.00230000       0.00230000       0.00230000       0.00230000       0.00230000       0.00230000       0.00230000       0.00230000       0.00230000       0.00230000       0.00230000       0.00230000       0.00230000       0.00230000       0.00230000       0.00230000       0.00230000       0.00230000       0.00230000
       0.00230000       0.00230000       0.00230000       0.00230000       0.00230000       0.00230000       0.00230000       0.00230000       0.00230000       0.00230000       0.00230000       0.00230000       0.00230000       0.00230000       0.00230000       0.00230000       0.00230000       0.00230000       0.00230000       0.00230000
       0.00230000       0.00230000       0.00230000       0.00230000       0.00230000       0.00230000       0.00230000       0.00230000       0.00230000       0.00230000       0.00230000       0.00230000       0.00230000       0.00230000       0.00230000       0.00230000       0.00230000       0.00230000       0.00230000       0.00230000
       0.00230000       0.00230000       0.00230000       0.00230000       0.00230000       0.00230000       0.00230000       0.00230000       0.00230000       0.00230000       0.00230000       0.00230000       0.00230000       0.00230000       0.00230000       0.00230000       0.00230000       0.00230000       0.00230000       0.00230000
       0.00230000       0.00230000       0.00230000       0.00230000       0.00230000       0.00230000       0.00230000       0.00230000       0.00230000       0.00230000       0.00230000       0.00230000       0.00230000       0.00230000       0.00230000       0.00230000       0.00230000       0.00230000       0.00230000       0.00230000
       0.00230000       0.00230000       0.00230000       0.00230000       0.00230000       0.00230000       0.00230000       0.00410000       0.00410000       0.00410000       0.00410000       0.00410000       0.00410000       0.00410000       0.00410000       0.00410000       0.00410000       0.00410000       0.00410000       0.00230000
       0.00410000       0.00410000       0.00410000       0.00410000       0.00230000       0.00230000       0.00230000       0.00230000       0.00230000       0.00230000       0.00230000       0.00230000       0.00230000       0.00230000       0.00230000       0.00230000       0.00230000       0.00230000       0.00230000       0.00230000
       0.00230000       0.00230000       0.00230000       0.00230000       0.00230000       0.00230000       0.00230000       0.00230000       0.00230000       0.00230000       0.00230000       0.00230000       0.00230000       0.00230000       0.00230000       0.00230000       0.00230000       0.00230000       0.00230000       0.00230000
       0.00230000       0.00230000       0.00230000       0.00230000       0.00230000       0.00230000       0.00230000       0.00230000       0.00230000       0.00230000       0.00230000       0.00230000       0.00230000       0.00230000       0.00230000       0.00230000       0.00230000       0.00230000       0.00230000       0.00230000
       0.00230000       0.00230000       0.00230000       0.00230000       0.00230000       0.00230000       0.00230000       0.00230000       0.00230000       0.00230000       0.00230000       0.00230000       0.00230000       0.00230000       0.00230000       0.00230000       0.00230000       0.00230000       0.00230000       0.00230000
       0.00230000       0.00230000       0.00230000       0.00230000       0.00230000       0.00230000       0.00230000       0.00230000       0.00230000       0.00230000       0.00230000       0.00230000       0.00230000       0.00230000       0.00230000       0.00230000       0.00410000       0.00410000       0.00410000       0.00410000
       0.00410000       0.00410000       0.00410000       0.00410000       0.00410000       0.00410000       0.00410000       0.00410000       0.00230000       0.00410000       0.00410000       0.00410000       0.00410000       0.00230000       0.00230000       0.00230000       0.00230000       0.00230000       0.00230000       0.00230000
       0.00230000       0.00230000       0.00230000       0.00230000       0.00230000       0.00230000       0.00230000       0.00230000       0.00230000       0.00230000       0.00230000       0.00230000       0.00230000       0.00230000       0.00230000       0.00230000       0.00230000       0.00230000       0.00230000       0.00230000
       0.00230000       0.00230000       0.00230000       0.00230000       0.00230000       0.00230000       0.00230000       0.00230000       0.00230000       0.00230000       0.00230000       0.00230000       0.00230000       0.00230000       0.00230000       0.00230000       0.00230000       0.00230000       0.00230000       0.00230000
       0.00230000       0.00230000       0.00230000       0.00230000       0.00230000       0.00230000       0.00230000       0.00230000       0.00230000       0.00230000       0.00230000       0.00230000       0.00230000       0.00230000       0.00230000       0.00230000       0.00230000       0.00230000       0.00230000       0.00230000
       0.00230000       0.00230000       0.00230000       0.00230000       0.00230000       0.00230000       0.00230000       0.00410000       0.00410000       0.00410000       0.00410000       0.00410000       0.00410000       0.00410000       0.00410000       0.00410000       0.00410000       0.00410000       0.00410000       0.00410000
       0.00410000       0.00410000       0.00230000       0.00410000       0.00410000       0.00410000       0.00410000       0.00230000       0.00230000       0.00230000       0.00230000       0.00230000       0.00230000       0.00230000       0.00230000       0.00230000       0.00230000       0.00230000       0.00230000       0.00230000
       0.00230000       0.00230000       0.00230000       0.00230000       0.00230000       0.00230000       0.00230000       0.00230000       0.00230000       0.00230000       0.00230000       0.00230000       0.00230000       0.00230000       0.00230000       0.00230000       0.00230000       0.00230000       0.00230000       0.00230000
       0.00230000       0.00230000       0.00230000       0.00230000       0.00230000       0.00230000       0.00230000       0.00230000       0.00230000       0.00230000       0.00230000       0.00230000       0.00230000       0.00230000       0.00230000       0.00230000       0.00230000       0.00230000       0.00230000       0.00230000
       0.00230000       0.00230000       0.00230000       0.00230000       0.00230000       0.00230000       0.00230000       0.00230000       0.00230000       0.00410000       0.00410000       0.00410000       0.00410000       0.00410000       0.00410000       0.00410000       0.00410000       0.00410000       0.00410000       0.00410000
       0.00410000       0.00410000       0.00410000       0.00410000       0.00410000       0.00410000       0.00230000       0.00230000       0.00230000       0.00230000       0.00230000       0.00230000       0.00230000       0.00230000       0.00230000       0.00230000       0.00230000       0.00230000       0.00230000       0.00230000
       0.00230000       0.00230000       0.00230000       0.00230000       0.00230000       0.00230000       0.00230000       0.00230000       0.00230000       0.00230000       0.00230000       0.00230000       0.00230000       0.00230000       0.00230000       0.00230000       0.00230000       0.00230000       0.00230000       0.00230000
       0.00230000       0.00230000       0.00230000       0.00230000       0.00230000       0.00230000       0.00230000       0.00230000       0.00230000       0.00230000       0.00230000       0.00230000       0.00230000       0.00230000       0.00230000       0.00230000       0.00230000       0.00230000       0.00230000       0.00230000
       0.00410000       0.00410000       0.00410000       0.00410000       0.00410000       0.00410000       0.00410000       0.00410000       0.00410000       0.00410000       0.00410000       0.00410000       0.00410000       0.00410000       0.00410000       0.00410000       0.00230000       0.00230000       0.00230000       0.00230000
       0.00230000       0.00230000       0.00230000       0.00230000       0.00230000       0.00230000       0.00230000       0.00230000       0.00230000       0.00230000       0.00230000       0.00230000       0.00230000       0.00230000       0.00230000       0.00230000       0.00230000       0.00230000       0.00230000       0.00230000
       0.00230000       0.00230000       0.00230000       0.00230000       0.00230000       0.00230000       0.00230000       0.00230000       0.00230000       0.00230000       0.00230000       0.00230000       0.00410000       0.00410000       0.00410000       0.00410000       0.00410000       0.00410000       0.00410000       0.00410000
       0.00410000       0.00410000       0.00410000       0.00410000       0.00410000       0.00410000       0.00410000       0.00410000       0.00410000       0.00410000       0.00410000       0.00410000       0.00230000       0.00230000       0.00230000       0.00230000       0.00230000       0.00230000       0.00230000       0.00230000
       0.00230000       0.00230000       0.00230000       0.00230000       0.00230000       0.00230000       0.00230000       0.00230000       0.00230000       0.00230000       0.00230000       0.00230000       0.00230000       0.00230000       0.00230000       0.00230000       0.00230000       0.00230000       0.00230000       0.00230000
       0.00230000       0.00410000       0.00410000       0.00410000       0.00410000       0.00410000       0.00410000       0.00410000       0.00410000       0.00410000       0.00410000       0.00410000       0.00410000       0.00410000       0.00410000       0.00410000       0.00410000       0.00410000       0.00230000       0.00230000
       0.00230000       0.00230000       0.00230000       0.00230000       0.00230000       0.00230000       0.00230000       0.00230000       0.00230000       0.00230000       0.00230000       0.00230000       0.00230000       0.00230000       0.00230000       0.00230000       0.00230000       0.00230000       0.00230000       0.00230000
       0.00230000       0.00230000       0.00230000       0.00230000       0.00230000       0.00230000       0.00230000       0.00410000       0.00410000       0.00410000       0.00410000       0.00410000       0.00410000       0.00410000       0.00410000       0.00410000       0.00410000       0.00410000       0.00410000       0.00410000
       0.00410000       0.00410000       0.00410000       0.00410000       0.00410000       0.00230000       0.00230000       0.00230000       0.00230000       0.00230000       0.00230000       0.00230000       0.00230000       0.00230000       0.00230000       0.00230000       0.00230000       0.00230000       0.00230000       0.00230000
       0.00230000       0.00230000       0.00230000       0.00230000       0.00230000       0.00230000       0.00230000       0.00230000       0.00230000       0.00230000       0.00230000       0.00230000       0.00230000       0.00410000       0.00410000       0.00410000       0.00410000       0.00410000       0.00410000       0.00410000
       0.00410000       0.00410000       0.00410000       0.00410000       0.00410000       0.00410000       0.00410000       0.00410000       0.00410000       0.00410000       0.00410000       0.00410000       0.00230000       0.00230000       0.00230000       0.00230000       0.00230000       0.00230000       0.00230000       0.00230000
       0.00230000       0.00230000       0.00230000       0.00230000       0.00230000       0.00230000       0.00230000       0.00230000       0.00230000       0.00230000       0.00230000       0.00230000       0.00230000       0.00230000       0.00230000       0.00230000       0.00230000       0.00230000       0.00230000       0.00410000
       0.00410000       0.00410000       0.00410000       0.00410000       0.00410000       0.00410000       0.00410000       0.00410000       0.00410000       0.00410000       0.00410000       0.00410000       0.00410000       0.00410000       0.00410000       0.00410000       0.00410000       0.00410000       0.00410000       0.00230000
       0.00230000       0.00230000       0.00230000       0.00230000       0.00230000       0.00230000       0.00230000       0.00230000       0.00230000       0.00230000       0.00230000       0.00230000       0.00230000       0.00230000       0.00230000       0.00230000       0.00230000       0.00230000       0.00230000       0.00230000
       0.00230000       0.00230000       0.00230000       0.00230000       0.00230000       0.00410000       0.00410000       0.00410000       0.00410000       0.00410000       0.00410000       0.00410000       0.00410000       0.00410000       0.00410000       0.00410000       0.00410000       0.00230000       0.00230000       0.00230000
       0.00230000       0.00230000       0.00230000       0.00230000       0.00230000       0.00230000       0.00230000       0.00230000       0.00230000       0.00230000       0.00230000       0.00230000       0.00230000       0.00230000       0.00230000       0.00230000       0.00230000       0.00230000       0.00230000       0.00230000
       0.00230000       0.00230000       0.00230000       0.00230000       0.00230000       0.00230000       0.00230000       0.00230000       0.00230000       0.00230000       0.00230000       0.00230000       0.00230000       0.00230000       0.00230000       0.00230000       0.00230000       0.00230000       0.00230000       0.00230000
       0.00230000       0.00230000       0.00230000       0.00230000       0.00230000       0.00230000       0.00230000       0.00230000       0.00230000       0.00230000       0.00230000       0.00230000       0.00230000       0.00230000       0.00230000       0.00230000       0.00230000       0.00230000       0.00230000       0.00230000
       0.00230000       0.00230000       0.00230000       0.00230000       0.00230000       0.00230000       0.00230000       0.00230000       0.00230000       0.00230000       0.00230000       0.00230000       0.00230000       0.00230000       0.00230000       0.00230000       0.00230000       0.00230000       0.00230000       0.00230000
       0.00230000       0.00230000       0.00230000       0.00230000       0.00230000       0.00230000       0.00230000       0.00230000       0.00230000       0.00230000       0.00230000       0.00230000       0.00230000       0.00230000       0.00230000       0.00230000       0.00230000       0.00230000       0.00230000       0.00230000
       0.00230000       0.00230000       0.00230000       0.00230000       0.00230000       0.00230000       0.00230000       0.00230000       0.00230000       0.00230000       0.00230000       0.00230000       0.00230000       0.00230000       0.00230000       0.00230000       0.00230000       0.00230000       0.00230000       0.00230000
       0.00230000       0.00230000       0.00230000       0.00230000       0.00230000       0.00230000       0.00230000       0.00230000       0.00230000       0.00230000       0.00230000       0.00230000       0.00230000       0.00230000       0.00230000       0.00230000       0.00230000       0.00230000       0.00230000       0.00230000
       0.00230000       0.00230000       0.00230000       0.00230000       0.00230000       0.00230000       0.00230000       0.00230000       0.00230000       0.00230000       0.00230000       0.00230000       0.00230000       0.00230000       0.00230000       0.00230000       0.00230000       0.00230000       0.00230000       0.00230000
       0.00230000       0.00230000       0.00230000       0.00230000       0.00230000       0.00230000       0.00230000       0.00230000       0.00230000       0.00230000       0.00230000       0.00230000       0.00230000       0.00230000       0.00230000       0.00230000       0.00230000       0.00230000       0.00230000       0.00230000
       0.00230000       0.00230000       0.00230000       0.00230000       0.00230000       0.00230000       0.00230000       0.00230000       0.00230000       0.00230000       0.00230000       0.00230000       0.00230000       0.00230000       0.00230000       0.00230000       0.00230000       0.00230000       0.00230000       0.00230000
       0.00230000       0.00230000       0.00230000       0.00230000       0.00230000       0.00230000       0.00230000       0.00230000       0.00230000       0.00230000       0.00230000       0.00230000       0.00230000       0.00230000       0.00230000       0.00230000       0.00230000       0.00230000       0.00230000       0.00230000
       0.00230000       0.00230000       0.00230000       0.00230000       0.00230000       0.00230000       0.00230000       0.00230000       0.00230000       0.00230000       0.00230000       0.00230000       0.00230000       0.00230000       0.00230000       0.00230000       0.00230000       0.00230000       0.00230000       0.00230000
       0.00230000       0.00230000       0.00230000       0.00230000       0.00230000       0.00230000       0.00230000       0.00230000       0.00230000       0.00230000       0.00230000       0.00230000       0.00230000       0.00230000       0.00230000       0.00230000       0.00230000       0.00230000       0.00230000       0.00230000
       0.00230000       0.00230000       0.00230000       0.00230000       0.00230000       0.00230000       0.00230000       0.00230000       0.00230000       0.00230000       0.00230000       0.00230000       0.00230000       0.00230000       0.00230000       0.00230000       0.00230000       0.00230000       0.00230000       0.00230000
       0.00230000       0.00230000       0.00230000       0.00230000       0.00230000       0.00230000       0.00230000       0.00230000       0.00230000       0.00230000       0.00230000       0.00230000       0.00230000       0.00230000       0.00230000       0.00230000       0.00230000       0.00230000       0.00230000       0.00230000
       0.00230000       0.00230000       0.00230000       0.00230000       0.00230000       0.00230000       0.00230000       0.00230000       0.00230000       0.00230000       0.00230000       0.00230000       0.00230000       0.00230000       0.00230000       0.00230000       0.00230000       0.00230000       0.00230000       0.00230000
       0.00230000       0.00230000       0.00230000       0.00230000       0.00230000       0.00230000       0.00230000       0.00230000       0.00230000       0.00230000       0.00230000       0.00230000       0.00230000       0.00230000       0.00230000       0.00230000       0.00230000       0.00230000       0.00230000       0.00230000
       0.00230000       0.00230000       0.00230000       0.00230000       0.00230000       0.00230000       0.00230000       0.00230000       0.00230000       0.00230000       0.00230000       0.00230000       0.00230000       0.00230000       0.00230000       0.00230000       0.00230000       0.00230000       0.00230000       0.00230000
       0.00230000       0.00230000       0.00230000       0.00230000       0.00230000       0.00230000       0.00230000       0.00230000       0.00230000       0.00230000       0.00230000       0.00230000       0.00230000       0.00230000       0.00230000       0.00230000       0.00230000       0.00230000       0.00230000       0.00230000
       0.00230000       0.00230000       0.00230000       0.00230000       0.00230000       0.00230000       0.00230000       0.00230000       0.00230000       0.00230000       0.00230000       0.00230000       0.00230000       0.00230000       0.00230000       0.00230000       0.00230000       0.00230000       0.00230000       0.00230000
       0.00230000       0.00230000       0.00230000       0.00230000       0.00230000       0.00230000       0.00230000
