  1 1     102.07049561     100.00000000  GHB1
  3 1     102.07049561     100.00000000  GHB3
  1 2     102.10955048     100.00000000  GHB1
  3 2     102.10955048     100.00000000  GHB3
  1 3     102.12190247     100.00000000  GHB1
  3 3     102.12190247     100.00000000  GHB3
  1 4     102.16584778     100.00000000  GHB1
  3 4     102.16584778     100.00000000  GHB3
  1 5     102.18127441     100.00000000  GHB1
  3 5     102.18127441     100.00000000  GHB3
  1 6     102.23056030     100.00000000  GHB1
  3 6     102.23056030     100.00000000  GHB3
  1 7     102.24927521     100.00000000  GHB1
  3 7     102.24927521     100.00000000  GHB3
  1 8     102.30446625     100.00000000  GHB1
  3 8     102.30446625     100.00000000  GHB3
  1 9     102.32578278     100.00000000  GHB1
  3 9     102.32578278     100.00000000  GHB3
  1 10     102.38443756     100.00000000  GHB1
  3 10     102.38443756     100.00000000  GHB3
  1 11     102.40003967     100.00000000  GHB1
  3 11     102.40003967     100.00000000  GHB3
  1 12     102.45072937     100.00000000  GHB1
  3 12     102.45072937     100.00000000  GHB3
  1 13     102.45774078     100.00000000  GHB1
  3 13     102.45774078     100.00000000  GHB3
  1 14     102.50942230     100.00000000  GHB1
  3 14     102.50942230     100.00000000  GHB3
  1 15     102.52850342     100.00000000  GHB1
  3 15     102.52850342     100.00000000  GHB3
  1 16     102.58520508     100.00000000  GHB1
  3 16     102.58520508     100.00000000  GHB3
  1 17     102.60986328     100.00000000  GHB1
  3 17     102.60986328     100.00000000  GHB3
  1 18     102.67090607     100.00000000  GHB1
  3 18     102.67090607     100.00000000  GHB3
  1 19     102.70002747     100.00000000  GHB1
  3 19     102.70002747     100.00000000  GHB3
  1 20     102.76424408     100.00000000  GHB1
  3 20     102.76424408     100.00000000  GHB3
  1 21     102.79660034     100.00000000  GHB1
  3 21     102.79660034     100.00000000  GHB3
  1 22     102.82960510     100.00000000  GHB1
  3 22     102.82960510     100.00000000  GHB3
  1 23     102.89741516     100.00000000  GHB1
  3 23     102.89741516     100.00000000  GHB3
  1 24     102.93115997     100.00000000  GHB1
  3 24     102.93115997     100.00000000  GHB3
  1 25     103.00003052     100.00000000  GHB1
  3 25     103.00003052     100.00000000  GHB3
  1 26     103.02790070     100.00000000  GHB1
  3 26     103.02790070     100.00000000  GHB3
  1 27     103.07077789     100.00000000  GHB1
  3 27     103.07077789     100.00000000  GHB3
  1 28     103.01502991     100.00000000  GHB1
  3 28     103.01502991     100.00000000  GHB3
  1 29     102.97811127     100.00000000  GHB1
  3 29     102.97811127     100.00000000  GHB3
  1 30     102.94698334     100.00000000  GHB1
  3 30     102.94698334     100.00000000  GHB3
  1 31     102.88487244     100.00000000  GHB1
  3 31     102.88487244     100.00000000  GHB3
  1 32     102.82288361     100.00000000  GHB1
  3 32     102.82288361     100.00000000  GHB3
  1 33     102.76092529     100.00000000  GHB1
  3 33     102.76092529     100.00000000  GHB3
  1 34     102.69893646     100.00000000  GHB1
  3 34     102.69893646     100.00000000  GHB3
  1 35     102.63686371     100.00000000  GHB1
  3 35     102.63686371     100.00000000  GHB3
  1 36     102.57466125     100.00000000  GHB1
  3 36     102.57466125     100.00000000  GHB3
  1 37     102.51231384     100.00000000  GHB1
  3 37     102.51231384     100.00000000  GHB3
  1 38     102.44981384     100.00000000  GHB1
  3 38     102.44981384     100.00000000  GHB3
  1 39     102.38717651     100.00000000  GHB1
  3 39     102.38717651     100.00000000  GHB3
  1 40     102.32442474     100.00000000  GHB1
  3 40     102.32442474     100.00000000  GHB3
  1 41     102.26161194     100.00000000  GHB1
  3 41     102.26161194     100.00000000  GHB3
  1 42     102.19877625     100.00000000  GHB1
  3 42     102.19877625     100.00000000  GHB3
  1 43     102.13600159     100.00000000  GHB1
  3 43     102.13600159     100.00000000  GHB3
  1 44     102.01869965     100.00000000  GHB1
  3 44     102.01869965     100.00000000  GHB3
  1 89     102.13600159     100.00000000  GHB1
  3 89     102.13600159     100.00000000  GHB3
  1 90     101.99011230     100.00000000  GHB1
  3 90     101.99011230     100.00000000  GHB3
  1 135     102.10465240     100.00000000  GHB1
  3 135     102.10465240     100.00000000  GHB3
  1 136     101.93541718     100.00000000  GHB1
  3 136     101.93541718     100.00000000  GHB3
  1 181     102.10465240     100.00000000  GHB1
  3 181     102.10465240     100.00000000  GHB3
  1 182     101.87718201     100.00000000  GHB1
  3 182     101.87718201     100.00000000  GHB3
  1 227     102.05028534     100.00000000  GHB1
  3 227     102.05028534     100.00000000  GHB3
  1 228     101.82024384     100.00000000  GHB1
  3 228     101.82024384     100.00000000  GHB3
  1 276     102.00201416     100.00000000  GHB1
  3 276     102.00201416     100.00000000  GHB3
  1 277     101.76230621     100.00000000  GHB1
  3 277     101.76230621     100.00000000  GHB3
  1 325     101.91906738     100.00000000  GHB1
  3 325     101.91906738     100.00000000  GHB3
  1 326     101.70542908     100.00000000  GHB1
  3 326     101.70542908     100.00000000  GHB3
  1 371     101.86500549     100.00000000  GHB1
  3 371     101.86500549     100.00000000  GHB3
  1 372     101.64951324     100.00000000  GHB1
  3 372     101.64951324     100.00000000  GHB3
  1 417     101.77609253     100.00000000  GHB1
  3 417     101.77609253     100.00000000  GHB3
  1 418     101.59653473     100.00000000  GHB1
  3 418     101.59653473     100.00000000  GHB3
  1 463     101.71652985     100.00000000  GHB1
  3 463     101.71652985     100.00000000  GHB3
  1 464     101.54600525     100.00000000  GHB1
  3 464     101.54600525     100.00000000  GHB3
  1 509     101.62191772     100.00000000  GHB1
  3 509     101.62191772     100.00000000  GHB3
  1 510     101.50397491     100.00000000  GHB1
  3 510     101.50397491     100.00000000  GHB3
  1 558     101.55700684     100.00000000  GHB1
  3 558     101.55700684     100.00000000  GHB3
  1 559     101.46556854     100.00000000  GHB1
  3 559     101.46556854     100.00000000  GHB3
  1 604     101.45669556     100.00000000  GHB1
  3 604     101.45669556     100.00000000  GHB3
  1 605     101.43707275     100.00000000  GHB1
  3 605     101.43707275     100.00000000  GHB3
  1 680     101.42187500     100.00000000  GHB1
  3 680     101.42187500     100.00000000  GHB3
  1 681     101.40873718     100.00000000  GHB1
  3 681     101.40873718     100.00000000  GHB3
  1 768     101.35024261     100.00000000  GHB1
  3 768     101.35024261     100.00000000  GHB3
  1 769     101.39544678     100.00000000  GHB1
  3 769     101.39544678     100.00000000  GHB3
  1 862     101.24240875     100.00000000  GHB1
  3 862     101.24240875     100.00000000  GHB3
  1 863     101.37001038     100.00000000  GHB1
  3 863     101.37001038     100.00000000  GHB3
  1 959     101.16491699     100.00000000  GHB1
  3 959     101.16491699     100.00000000  GHB3
  1 960     101.34191895     100.00000000  GHB1
  3 960     101.34191895     100.00000000  GHB3
  1 1080     101.05041504     100.00000000  GHB1
  3 1080     101.05041504     100.00000000  GHB3
  1 1081     101.31054688     100.00000000  GHB1
  3 1081     101.31054688     100.00000000  GHB3
  1 1258     100.96640778     100.00000000  GHB1
  3 1258     100.96640778     100.00000000  GHB3
  1 1259     101.27570343     100.00000000  GHB1
  3 1259     101.27570343     100.00000000  GHB3
  1 1463     100.84470367     100.00000000  GHB1
  3 1463     100.84470367     100.00000000  GHB3
  1 1464     101.23311615     100.00000000  GHB1
  3 1464     101.23311615     100.00000000  GHB3
  1 1683     100.75350189     100.00000000  GHB1
  3 1683     100.75350189     100.00000000  GHB3
  1 1684     101.18730164     100.00000000  GHB1
  3 1684     101.18730164     100.00000000  GHB3
  1 1936     100.62441254     100.00000000  GHB1
  3 1936     100.62441254     100.00000000  GHB3
  1 1937     101.12857819     100.00000000  GHB1
  3 1937     101.12857819     100.00000000  GHB3
  1 2210     100.52561951     100.00000000  GHB1
  3 2210     100.52561951     100.00000000  GHB3
  1 2211     101.06975555     100.00000000  GHB1
  3 2211     101.06975555     100.00000000  GHB3
  1 2487     100.38957977     100.00000000  GHB1
  3 2487     100.38957977     100.00000000  GHB3
  1 2488     100.99222565     100.00000000  GHB1
  3 2488     100.99222565     100.00000000  GHB3
  1 2761     100.28334045     100.00000000  GHB1
  3 2761     100.28334045     100.00000000  GHB3
  1 2762     100.92304230     100.00000000  GHB1
  3 2762     100.92304230     100.00000000  GHB3
  1 3026     100.14144897     100.00000000  GHB1
  3 3026     100.14144897     100.00000000  GHB3
  1 3027     100.83058167     100.00000000  GHB1
  3 3027     100.83058167     100.00000000  GHB3
  1 3282     100.08540344     100.00000000  GHB1
  3 3282     100.08540344     100.00000000  GHB3
  1 3283     100.76071167     100.00000000  GHB1
  3 3283     100.76071167     100.00000000  GHB3
  1 3523      99.94046021     100.00000000  GHB1
  3 3523      99.94046021     100.00000000  GHB3
  1 3524     100.69905090     100.00000000  GHB1
  3 3524     100.69905090     100.00000000  GHB3
  1 3749      99.82347107     100.00000000  GHB1
  3 3749      99.82347107     100.00000000  GHB3
  1 3750     100.63301086     100.00000000  GHB1
  3 3750     100.63301086     100.00000000  GHB3
  1 3951      99.67556763     100.00000000  GHB1
  3 3951      99.67556763     100.00000000  GHB3
  1 3952     100.53782654     100.00000000  GHB1
  3 3952     100.53782654     100.00000000  GHB3
  1 4120      99.55411530     100.00000000  GHB1
  3 4120      99.55411530     100.00000000  GHB3
  1 4121     100.47361755     100.00000000  GHB1
  3 4121     100.47361755     100.00000000  GHB3
  1 4229      99.40482330     100.00000000  GHB1
  3 4229      99.40482330     100.00000000  GHB3
  1 4230     100.37649536     100.00000000  GHB1
  3 4230     100.37649536     100.00000000  GHB3
  1 4323      99.28016663     100.00000000  GHB1
  3 4323      99.28016663     100.00000000  GHB3
  1 4324     100.31268311     100.00000000  GHB1
  3 4324     100.31268311     100.00000000  GHB3
  1 4402      99.15385437     100.00000000  GHB1
  3 4402      99.15385437     100.00000000  GHB3
  1 4403     100.21452332     100.00000000  GHB1
  3 4403     100.21452332     100.00000000  GHB3
  1 4472      99.02613068     100.00000000  GHB1
  3 4472      99.02613068     100.00000000  GHB3
  1 4473     100.15165710     100.00000000  GHB1
  3 4473     100.15165710     100.00000000  GHB3
  1 4527      98.89721680     100.00000000  GHB1
  3 4527      98.89721680     100.00000000  GHB3
  1 4528     100.05425262     100.00000000  GHB1
  3 4528     100.05425262     100.00000000  GHB3
  1 4573      98.76731110     100.00000000  GHB1
  3 4573      98.76731110     100.00000000  GHB3
  1 4574      99.99285126     100.00000000  GHB1
  3 4574      99.99285126     100.00000000  GHB3
  1 4619      98.63658905     100.00000000  GHB1
  3 4619      98.63658905     100.00000000  GHB3
  1 4620      99.89759827     100.00000000  GHB1
  3 4620      99.89759827     100.00000000  GHB3
  1 4665      98.50519562     100.00000000  GHB1
  3 4665      98.50519562     100.00000000  GHB3
  1 4666      99.83805084     100.00000000  GHB1
  3 4666      99.83805084     100.00000000  GHB3
  1 4711      98.43928528     100.00000000  GHB1
  3 4711      98.43928528     100.00000000  GHB3
  1 4712      99.77486420     100.00000000  GHB1
  3 4712      99.77486420     100.00000000  GHB3
  1 4757      98.30708313     100.00000000  GHB1
  3 4757      98.30708313     100.00000000  GHB3
  1 4758      99.71710968     100.00000000  GHB1
  3 4758      99.71710968     100.00000000  GHB3
  1 4803      98.17444611     100.00000000  GHB1
  3 4803      98.17444611     100.00000000  GHB3
  1 4804      99.62776947     100.00000000  GHB1
  3 4804      99.62776947     100.00000000  GHB3
  1 4849      98.04145050     100.00000000  GHB1
  3 4849      98.04145050     100.00000000  GHB3
  1 4850      99.57253265     100.00000000  GHB1
  3 4850      99.57253265     100.00000000  GHB3
  1 4898      97.90814209     100.00000000  GHB1
  3 4898      97.90814209     100.00000000  GHB3
  1 4899      99.48709106     100.00000000  GHB1
  3 4899      99.48709106     100.00000000  GHB3
  1 4950      97.77455902     100.00000000  GHB1
  3 4950      97.77455902     100.00000000  GHB3
  1 4951      97.70767975     100.00000000  GHB1
  3 4951      97.70767975     100.00000000  GHB3
  1 4952      99.43470764     100.00000000  GHB1
  3 4952      99.43470764     100.00000000  GHB3
  1 4994      97.64075470     100.00000000  GHB1
  3 4994      97.64075470     100.00000000  GHB3
  1 4995      97.57378387     100.00000000  GHB1
  3 4995      97.57378387     100.00000000  GHB3
  1 4996      99.38357544     100.00000000  GHB1
  3 4996      99.38357544     100.00000000  GHB3
  1 5038      97.50678253     100.00000000  GHB1
  3 5038      97.50678253     100.00000000  GHB3
  1 5039      99.30408478     100.00000000  GHB1
  3 5039      99.30408478     100.00000000  GHB3
  1 5081      97.37274933     100.00000000  GHB1
  3 5081      97.37274933     100.00000000  GHB3
  1 5082      99.27996826     100.00000000  GHB1
  3 5082      99.27996826     100.00000000  GHB3
  1 5124      97.23892212     100.00000000  GHB1
  3 5124      97.23892212     100.00000000  GHB3
  1 5125      99.25038147     100.00000000  GHB1
  3 5125      99.25038147     100.00000000  GHB3
  1 5126      99.19083405     100.00000000  GHB1
  3 5126      99.19083405     100.00000000  GHB3
  1 5127      99.13088989     100.00000000  GHB1
  3 5127      99.13088989     100.00000000  GHB3
  1 5128      99.07063293     100.00000000  GHB1
  3 5128      99.07063293     100.00000000  GHB3
  1 5129      99.01014709     100.00000000  GHB1
  3 5129      99.01014709     100.00000000  GHB3
  1 5130      98.94949341     100.00000000  GHB1
  3 5130      98.94949341     100.00000000  GHB3
  1 5131      98.88871765     100.00000000  GHB1
  3 5131      98.88871765     100.00000000  GHB3
  1 5132      98.84929657     100.00000000  GHB1
  3 5132      98.84929657     100.00000000  GHB3
  1 5133      98.81871796     100.00000000  GHB1
  3 5133      98.81871796     100.00000000  GHB3
  1 5134      98.77914429     100.00000000  GHB1
  3 5134      98.77914429     100.00000000  GHB3
  1 5135      98.71768951     100.00000000  GHB1
  3 5135      98.71768951     100.00000000  GHB3
  1 5136      98.65603638     100.00000000  GHB1
  3 5136      98.65603638     100.00000000  GHB3
  1 5137      98.61612701     100.00000000  GHB1
  3 5137      98.61612701     100.00000000  GHB3
  1 5138      98.55377197     100.00000000  GHB1
  3 5138      98.55377197     100.00000000  GHB3
  1 5139      98.51354218     100.00000000  GHB1
  3 5139      98.51354218     100.00000000  GHB3
  1 5140      98.44992065     100.00000000  GHB1
  3 5140      98.44992065     100.00000000  GHB3
  1 5141      98.40885925     100.00000000  GHB1
  3 5141      98.40885925     100.00000000  GHB3
  1 5142      98.34326172     100.00000000  GHB1
  3 5142      98.34326172     100.00000000  GHB3
  1 5143      98.30061340     100.00000000  GHB1
  3 5143      98.30061340     100.00000000  GHB3
  1 5144      98.23233795     100.00000000  GHB1
  3 5144      98.23233795     100.00000000  GHB3
  1 5145      98.18731689     100.00000000  GHB1
  3 5145      98.18731689     100.00000000  GHB3
  1 5146      98.11582184     100.00000000  GHB1
  3 5146      98.11582184     100.00000000  GHB3
  1 5147      98.06780243     100.00000000  GHB1
  3 5147      98.06780243     100.00000000  GHB3
  1 5148      97.99281311     100.00000000  GHB1
  3 5148      97.99281311     100.00000000  GHB3
  1 5149      97.98012543     100.00000000  GHB1
  3 5149      97.98012543     100.00000000  GHB3
  1 5150      97.90229034     100.00000000  GHB1
  3 5150      97.90229034     100.00000000  GHB3
  1 5151      97.84837341     100.00000000  GHB1
  3 5151      97.84837341     100.00000000  GHB3
  1 5152      97.76693726     100.00000000  GHB1
  3 5152      97.76693726     100.00000000  GHB3
  1 5153      97.70941925     100.00000000  GHB1
  3 5153      97.70941925     100.00000000  GHB3
  1 5154      97.62442780     100.00000000  GHB1
  3 5154      97.62442780     100.00000000  GHB3
  1 5155      97.56329346     100.00000000  GHB1
  3 5155      97.56329346     100.00000000  GHB3
  1 5156      97.47476196     100.00000000  GHB1
  3 5156      97.47476196     100.00000000  GHB3
  1 5157      97.41007233     100.00000000  GHB1
  3 5157      97.41007233     100.00000000  GHB3
  1 5158      97.31795502     100.00000000  GHB1
  3 5158      97.31795502     100.00000000  GHB3
  1 5159      97.24991608     100.00000000  GHB1
  3 5159      97.24991608     100.00000000  GHB3
  1 5160      97.15399933     100.00000000  GHB1
  3 5160      97.15399933     100.00000000  GHB3
  1 5161      97.05831909     100.00000000  GHB1
  3 5161      97.05831909     100.00000000  GHB3
  1 5162      96.98521423     100.00000000  GHB1
  3 5162      96.98521423     100.00000000  GHB3
  1 5163      96.99064636     100.00000000  GHB1
  3 5163      96.99064636     100.00000000  GHB3
  1 5164      97.04280853     100.00000000  GHB1
  3 5164      97.04280853     100.00000000  GHB3
  1 5165      97.04280853     100.00000000  GHB1
  3 5165      97.04280853     100.00000000  GHB3
  1 5166      97.10643768     100.00000000  GHB1
  3 5166      97.10643768     100.00000000  GHB3
  1 5167      97.10643768     100.00000000  GHB1
  3 5167      97.10643768     100.00000000  GHB3
