  1 76     106.98500000       0.10000000     105.98500000  riv
  1 76     106.98500000       0.10000000     105.98500000  riv
  1 76     106.98500000       0.10000000     105.98500000  riv
  1 76     106.98500000       0.10000000     105.98500000  riv
  1 76     107.74200000       0.10000000     106.74200000  riv
  1 78     107.74200000       0.10000000     106.74200000  riv
  1 78     107.74200000       0.10000000     106.74200000  riv
  1 78     107.74200000       0.10000000     106.74200000  riv
  1 78     107.74200000       0.10000000     106.74200000  riv
  1 78     107.74200000       0.10000000     106.74200000  riv
  1 78     107.74200000       0.10000000     106.74200000  riv
  1 122     107.74200000       0.10000000     106.74200000  riv
  1 122     106.74600000       0.10000000     105.74600000  riv
  1 122     106.74600000       0.10000000     105.74600000  riv
  1 122     106.74600000       0.10000000     105.74600000  riv
  1 122     106.74600000       0.10000000     105.74600000  riv
  1 122     106.74600000       0.10000000     105.74600000  riv
  1 124     106.74600000       0.10000000     105.74600000  riv
  1 124     106.74000000       0.10000000     105.74000000  riv
  1 124     106.74000000       0.10000000     105.74000000  riv
  1 124     106.74000000       0.10000000     105.74000000  riv
  1 124     106.74000000       0.10000000     105.74000000  riv
  1 124     106.74000000       0.10000000     105.74000000  riv
  1 168     106.74000000       0.10000000     105.74000000  riv
  1 168     106.76400000       0.10000000     105.76400000  riv
  1 168     106.76400000       0.10000000     105.76400000  riv
  1 168     106.76400000       0.10000000     105.76400000  riv
  1 168     106.76400000       0.10000000     105.76400000  riv
  1 168     106.63600000       0.10000000     105.63600000  riv
  1 169     106.63600000       0.10000000     105.63600000  riv
  1 169     106.63600000       0.10000000     105.63600000  riv
  1 171     106.63600000       0.10000000     105.63600000  riv
  1 171     106.63600000       0.10000000     105.63600000  riv
  1 171     106.63600000       0.10000000     105.63600000  riv
  1 171     106.56900000       0.10000000     105.56900000  riv
  1 171     106.56900000       0.10000000     105.56900000  riv
  1 171     106.56900000       0.10000000     105.56900000  riv
  1 215     106.56900000       0.10000000     105.56900000  riv
  1 215     106.56900000       0.10000000     105.56900000  riv
  1 215     106.53300000       0.10000000     105.53300000  riv
  1 215     106.53300000       0.10000000     105.53300000  riv
  1 215     106.53300000       0.10000000     105.53300000  riv
  1 215     106.53300000       0.10000000     105.53300000  riv
  1 217     106.53300000       0.10000000     105.53300000  riv
  1 217     106.53300000       0.10000000     105.53300000  riv
  1 217     106.43700000       0.10000000     105.43700000  riv
  1 217     106.43700000       0.10000000     105.43700000  riv
  1 217     106.43700000       0.10000000     105.43700000  riv
  1 217     106.43700000       0.10000000     105.43700000  riv
  1 261     106.43700000       0.10000000     105.43700000  riv
  1 261     106.30000000       0.10000000     105.30000000  riv
  1 261     106.30000000       0.10000000     105.30000000  riv
  1 261     106.30000000       0.10000000     105.30000000  riv
  1 261     106.30000000       0.10000000     105.30000000  riv
  1 261     106.31300000       0.10000000     105.31300000  riv
  1 261     106.31300000       0.10000000     105.31300000  riv
  1 263     106.31300000       0.10000000     105.31300000  riv
  1 263     106.31300000       0.10000000     105.31300000  riv
  1 263     106.31300000       0.10000000     105.31300000  riv
  1 263     106.31300000       0.10000000     105.31300000  riv
  1 263     106.31300000       0.10000000     105.31300000  riv
  1 263     106.09900000       0.10000000     105.09900000  riv
  1 266     106.09900000       0.10000000     105.09900000  riv
  1 266     106.09900000       0.10000000     105.09900000  riv
  1 310     106.09900000       0.10000000     105.09900000  riv
  1 310     106.09900000       0.10000000     105.09900000  riv
  1 310     106.09900000       0.10000000     105.09900000  riv
  1 310     106.09900000       0.10000000     105.09900000  riv
  1 310     106.09900000       0.10000000     105.09900000  riv
  1 310     105.99200000       0.10000000     104.99200000  riv
  1 312     105.99200000       0.10000000     104.99200000  riv
  1 312     105.99200000       0.10000000     104.99200000  riv
  1 312     105.99200000       0.10000000     104.99200000  riv
  1 312     105.99200000       0.10000000     104.99200000  riv
  1 313     105.99200000       0.10000000     104.99200000  riv
  1 313     106.03300000       0.10000000     105.03300000  riv
  1 313     106.03300000       0.10000000     105.03300000  riv
  1 313     106.03300000       0.10000000     105.03300000  riv
  1 313     106.03300000       0.10000000     105.03300000  riv
  1 313     106.04400000       0.10000000     105.04400000  riv
  1 316     106.04400000       0.10000000     105.04400000  riv
  1 316     106.04400000       0.10000000     105.04400000  riv
  1 316     106.04400000       0.10000000     105.04400000  riv
  1 316     106.04400000       0.10000000     105.04400000  riv
  1 316     106.00400000       0.10000000     105.00400000  riv
  1 316     106.00400000       0.10000000     105.00400000  riv
  1 360     106.00400000       0.10000000     105.00400000  riv
  1 360     106.00400000       0.10000000     105.00400000  riv
  1 360     105.94700000       0.10000000     104.94700000  riv
  1 361     105.94700000       0.10000000     104.94700000  riv
  1 361     105.94700000       0.10000000     104.94700000  riv
  1 361     105.94700000       0.10000000     104.94700000  riv
  1 361     105.94700000       0.10000000     104.94700000  riv
  1 363     105.94700000       0.10000000     104.94700000  riv
  1 363     105.84200000       0.10000000     104.84200000  riv
  1 363     105.84200000       0.10000000     104.84200000  riv
  1 362     105.84200000       0.10000000     104.84200000  riv
  1 363     105.84200000       0.10000000     104.84200000  riv
  1 362     105.84200000       0.10000000     104.84200000  riv
  1 362     105.84200000       0.10000000     104.84200000  riv
  1 406     105.84200000       0.10000000     104.84200000  riv
  1 406     105.71500000       0.10000000     104.71500000  riv
  1 406     105.71500000       0.10000000     104.71500000  riv
  1 406     105.71500000       0.10000000     104.71500000  riv
  1 406     105.71500000       0.10000000     104.71500000  riv
  1 406     105.72700000       0.10000000     104.72700000  riv
  1 406     105.72700000       0.10000000     104.72700000  riv
  1 408     105.72700000       0.10000000     104.72700000  riv
  1 408     105.72700000       0.10000000     104.72700000  riv
  1 408     105.69000000       0.10000000     104.69000000  riv
  1 408     105.69000000       0.10000000     104.69000000  riv
  1 408     105.69000000       0.10000000     104.69000000  riv
  1 408     105.69000000       0.10000000     104.69000000  riv
  1 408     105.72300000       0.10000000     104.72300000  riv
  1 452     105.72300000       0.10000000     104.72300000  riv
  1 452     105.72300000       0.10000000     104.72300000  riv
  1 452     105.72300000       0.10000000     104.72300000  riv
  1 452     105.72300000       0.10000000     104.72300000  riv
  1 452     105.72300000       0.10000000     104.72300000  riv
  1 452     105.58700000       0.10000000     104.58700000  riv
  1 452     105.58700000       0.10000000     104.58700000  riv
  1 454     105.58700000       0.10000000     104.58700000  riv
  1 454     105.58700000       0.10000000     104.58700000  riv
  1 455     105.58700000       0.10000000     104.58700000  riv
  1 455     105.58700000       0.10000000     104.58700000  riv
  1 455     105.28800000       0.10000000     104.28800000  riv
  1 455     105.28800000       0.10000000     104.28800000  riv
  1 455     105.45100000       0.10000000     104.45100000  riv
  1 499     105.45100000       0.10000000     104.45100000  riv
  1 499     105.45100000       0.10000000     104.45100000  riv
  1 499     105.45100000       0.10000000     104.45100000  riv
  1 499     105.45100000       0.10000000     104.45100000  riv
  1 499     105.53400000       0.10000000     104.53400000  riv
  1 499     105.53400000       0.10000000     104.53400000  riv
  1 499     105.53400000       0.10000000     104.53400000  riv
  1 501     105.53400000       0.10000000     104.53400000  riv
  1 501     105.53400000       0.10000000     104.53400000  riv
  1 501     105.49900000       0.10000000     104.49900000  riv
  1 501     105.49900000       0.10000000     104.49900000  riv
  1 501     105.49900000       0.10000000     104.49900000  riv
  1 501     105.49900000       0.10000000     104.49900000  riv
  1 545     105.49900000       0.10000000     104.49900000  riv
  1 545     105.49900000       0.10000000     104.49900000  riv
  1 545     105.16200000       0.10000000     104.16200000  riv
  1 545     105.16200000       0.10000000     104.16200000  riv
  1 545     105.16200000       0.10000000     104.16200000  riv
  1 545     105.16200000       0.10000000     104.16200000  riv
  1 547     105.16200000       0.10000000     104.16200000  riv
  1 547     105.26400000       0.10000000     104.26400000  riv
  1 547     105.26400000       0.10000000     104.26400000  riv
  1 547     105.26400000       0.10000000     104.26400000  riv
  1 547     105.26400000       0.10000000     104.26400000  riv
  1 547     104.96600000       0.10000000     103.96600000  riv
  1 550     104.96600000       0.10000000     103.96600000  riv
  1 550     104.96600000       0.10000000     103.96600000  riv
  1 550     104.96600000       0.10000000     103.96600000  riv
  1 594     104.96600000       0.10000000     103.96600000  riv
  1 594     104.96600000       0.10000000     103.96600000  riv
  1 594     104.96600000       0.10000000     103.96600000  riv
  1 594     105.10000000       0.10000000     104.10000000  riv
  1 594     105.10000000       0.10000000     104.10000000  riv
  1 594     105.10000000       0.10000000     104.10000000  riv
  1 594     105.10000000       0.10000000     104.10000000  riv
  1 595     105.10000000       0.10000000     104.10000000  riv
  1 597     105.10000000       0.10000000     104.10000000  riv
  1 597     105.11300000       0.10000000     104.11300000  riv
  1 597     105.11300000       0.10000000     104.11300000  riv
  1 597     105.11300000       0.10000000     104.11300000  riv
  1 597     105.11300000       0.10000000     104.11300000  riv
  1 597     105.08500000       0.10000000     104.08500000  riv
  1 665     105.08500000       0.10000000     104.08500000  riv
  1 665     105.08500000       0.10000000     104.08500000  riv
  1 665     105.08500000       0.10000000     104.08500000  riv
  1 665     105.08500000       0.10000000     104.08500000  riv
  1 665     105.05900000       0.10000000     104.05900000  riv
  1 665     105.05900000       0.10000000     104.05900000  riv
  1 665     105.05900000       0.10000000     104.05900000  riv
  1 667     105.05900000       0.10000000     104.05900000  riv
  1 667     105.05900000       0.10000000     104.05900000  riv
  1 666     105.16200000       0.10000000     104.16200000  riv
  1 667     105.16200000       0.10000000     104.16200000  riv
  1 666     105.16200000       0.10000000     104.16200000  riv
  1 666     105.16200000       0.10000000     104.16200000  riv
  1 666     105.16200000       0.10000000     104.16200000  riv
  1 666     104.96400000       0.10000000     103.96400000  riv
  1 666     104.96400000       0.10000000     103.96400000  riv
  1 746     104.96400000       0.10000000     103.96400000  riv
  1 746     104.96400000       0.10000000     103.96400000  riv
  1 743     104.87600000       0.10000000     103.87600000  riv
  1 746     104.87600000       0.10000000     103.87600000  riv
  1 743     104.87600000       0.10000000     103.87600000  riv
  1 743     104.81700000       0.10000000     103.81700000  riv
  1 743     104.81700000       0.10000000     103.81700000  riv
  1 746     104.81700000       0.10000000     103.81700000  riv
  1 746     105.10800000       0.10000000     104.10800000  riv
  1 748     105.10800000       0.10000000     104.10800000  riv
  1 748     105.10800000       0.10000000     104.10800000  riv
  1 748     105.10800000       0.10000000     104.10800000  riv
  1 748     105.02800000       0.10000000     104.02800000  riv
  1 748     105.02800000       0.10000000     104.02800000  riv
  1 749     105.02800000       0.10000000     104.02800000  riv
  1 749     105.02800000       0.10000000     104.02800000  riv
  1 749     105.02800000       0.10000000     104.02800000  riv
  1 749     104.86900000       0.10000000     103.86900000  riv
  1 749     104.86900000       0.10000000     103.86900000  riv
  1 749     104.86900000       0.10000000     103.86900000  riv
  1 749     104.82900000       0.10000000     103.82900000  riv
  1 752     104.82900000       0.10000000     103.82900000  riv
  1 752     104.82900000       0.10000000     103.82900000  riv
  1 752     104.82900000       0.10000000     103.82900000  riv
  1 752     104.93800000       0.10000000     103.93800000  riv
  1 752     104.93800000       0.10000000     103.93800000  riv
  1 752     104.93800000       0.10000000     103.93800000  riv
  1 753     104.93800000       0.10000000     103.93800000  riv
  1 751     104.91700000       0.10000000     103.91700000  riv
  1 753     104.91700000       0.10000000     103.91700000  riv
  1 751     104.91700000       0.10000000     103.91700000  riv
  1 751     104.91700000       0.10000000     103.91700000  riv
  1 751     104.91700000       0.10000000     103.91700000  riv
  1 751     104.90600000       0.10000000     103.90600000  riv
  1 754     104.90600000       0.10000000     103.90600000  riv
  1 754     104.90600000       0.10000000     103.90600000  riv
  1 754     104.90600000       0.10000000     103.90600000  riv
  1 754     104.90600000       0.10000000     103.90600000  riv
  1 754     104.87700000       0.10000000     103.87700000  riv
  1 754     104.87700000       0.10000000     103.87700000  riv
  1 755     104.87700000       0.10000000     103.87700000  riv
  1 755     104.87700000       0.10000000     103.87700000  riv
  1 755     104.87700000       0.10000000     103.87700000  riv
  1 757     104.87700000       0.10000000     103.87700000  riv
  1 757     104.87700000       0.10000000     103.87700000  riv
  1 757     104.81900000       0.10000000     103.81900000  riv
  1 757     104.81900000       0.10000000     103.81900000  riv
  1 760     104.81900000       0.10000000     103.81900000  riv
  1 760     104.81900000       0.10000000     103.81900000  riv
  1 760     104.81900000       0.10000000     103.81900000  riv
  1 760     104.73100000       0.10000000     103.73100000  riv
  1 760     104.73100000       0.10000000     103.73100000  riv
  1 760     104.73100000       0.10000000     103.73100000  riv
  1 760     104.73100000       0.10000000     103.73100000  riv
  1 849     104.73100000       0.10000000     103.73100000  riv
  1 849     104.73100000       0.10000000     103.73100000  riv
  1 850     104.73100000       0.10000000     103.73100000  riv
  1 850     104.73100000       0.10000000     103.73100000  riv
  1 850     104.73100000       0.10000000     103.73100000  riv
  1 850     104.97500000       0.10000000     103.97500000  riv
  1 850     104.97500000       0.10000000     103.97500000  riv
  1 850     104.97500000       0.10000000     103.97500000  riv
  1 850     104.97500000       0.10000000     103.97500000  riv
  1 853     104.97500000       0.10000000     103.97500000  riv
  1 853     104.97500000       0.10000000     103.97500000  riv
  1 855     104.97500000       0.10000000     103.97500000  riv
  1 855     104.97500000       0.10000000     103.97500000  riv
  1 855     104.97500000       0.10000000     103.97500000  riv
  1 855     104.90900000       0.10000000     103.90900000  riv
  1 855     104.90900000       0.10000000     103.90900000  riv
  1 855     104.90900000       0.10000000     103.90900000  riv
  1 856     104.90900000       0.10000000     103.90900000  riv
  1 856     104.90900000       0.10000000     103.90900000  riv
  1 856     104.90900000       0.10000000     103.90900000  riv
  1 951     104.90900000       0.10000000     103.90900000  riv
  1 951     104.90900000       0.10000000     103.90900000  riv
  1 951     104.99200000       0.10000000     103.99200000  riv
  1 951     104.99200000       0.10000000     103.99200000  riv
  1 951     104.99200000       0.10000000     103.99200000  riv
  1 951     104.99200000       0.10000000     103.99200000  riv
  1 951     105.09500000       0.10000000     104.09500000  riv
  1 953     105.09500000       0.10000000     104.09500000  riv
  1 953     105.09500000       0.10000000     104.09500000  riv
  1 953     105.09500000       0.10000000     104.09500000  riv
  1 953     105.09500000       0.10000000     104.09500000  riv
  1 956     105.09500000       0.10000000     104.09500000  riv
  1 956     105.09500000       0.10000000     104.09500000  riv
  1 956     104.84900000       0.10000000     103.84900000  riv
  1 956     104.84900000       0.10000000     103.84900000  riv
  1 1075     104.84900000       0.10000000     103.84900000  riv
  1 1075     104.84900000       0.10000000     103.84900000  riv
  1 1075     104.84900000       0.10000000     103.84900000  riv
  1 1075     104.84900000       0.10000000     103.84900000  riv
  1 1072     104.89300000       0.10000000     103.89300000  riv
  1 1075     104.89300000       0.10000000     103.89300000  riv
  1 1072     104.89300000       0.10000000     103.89300000  riv
  1 1074     104.89300000       0.10000000     103.89300000  riv
  1 1074     104.89300000       0.10000000     103.89300000  riv
  1 1074     104.89300000       0.10000000     103.89300000  riv
  1 1074     104.89300000       0.10000000     103.89300000  riv
  1 1074     104.71700000       0.10000000     103.71700000  riv
  1 1074     104.71700000       0.10000000     103.71700000  riv
  1 1250     104.71700000       0.10000000     103.71700000  riv
  1 1250     104.71700000       0.10000000     103.71700000  riv
  1 1250     104.71700000       0.10000000     103.71700000  riv
  1 1250     104.71700000       0.10000000     103.71700000  riv
  1 1250     102.85100000       0.10000000     101.85100000  riv
  1 1249     102.85100000       0.10000000     101.85100000  riv
  1 1250     102.85100000       0.10000000     101.85100000  riv
  1 1249     102.85100000       0.10000000     101.85100000  riv
  1 1251     102.85100000       0.10000000     101.85100000  riv
  1 1251     102.85100000       0.10000000     101.85100000  riv
  1 1251     102.85100000       0.10000000     101.85100000  riv
  1 1251     102.85100000       0.10000000     101.85100000  riv
  1 1251     102.85400000       0.10000000     101.85400000  riv
  1 1251     102.85400000       0.10000000     101.85400000  riv
  1 1251     102.85400000       0.10000000     101.85400000  riv
  1 1248     102.85400000       0.10000000     101.85400000  riv
  1 1251     102.85400000       0.10000000     101.85400000  riv
  1 1451     102.85400000       0.10000000     101.85400000  riv
  1 1451     102.73700000       0.10000000     101.73700000  riv
  1 1451     102.73700000       0.10000000     101.73700000  riv
  1 1451     102.73700000       0.10000000     101.73700000  riv
  1 1451     102.73700000       0.10000000     101.73700000  riv
  1 1451     102.73700000       0.10000000     101.73700000  riv
  1 1453     102.73700000       0.10000000     101.73700000  riv
  1 1453     102.73700000       0.10000000     101.73700000  riv
  1 1453     102.66300000       0.10000000     101.66300000  riv
  1 1453     102.66300000       0.10000000     101.66300000  riv
  1 1453     102.66300000       0.10000000     101.66300000  riv
  1 1453     102.66300000       0.10000000     101.66300000  riv
  1 1453     102.66300000       0.10000000     101.66300000  riv
  1 1674     102.66300000       0.10000000     101.66300000  riv
  1 1674     102.66300000       0.10000000     101.66300000  riv
  1 1674     102.59800000       0.10000000     101.59800000  riv
  1 1674     102.59800000       0.10000000     101.59800000  riv
  1 1674     102.59800000       0.10000000     101.59800000  riv
  1 1673     102.59800000       0.10000000     101.59800000  riv
  1 1674     102.59800000       0.10000000     101.59800000  riv
  1 1676     102.59800000       0.10000000     101.59800000  riv
  1 1676     102.59800000       0.10000000     101.59800000  riv
  1 1676     102.50100000       0.10000000     101.50100000  riv
  1 1676     102.50100000       0.10000000     101.50100000  riv
  1 1676     102.50100000       0.10000000     101.50100000  riv
  1 1676     102.50100000       0.10000000     101.50100000  riv
  1 1927     102.50100000       0.10000000     101.50100000  riv
  1 1927     102.58300000       0.10000000     101.58300000  riv
  1 1927     102.58300000       0.10000000     101.58300000  riv
  1 1927     102.58300000       0.10000000     101.58300000  riv
  1 1927     102.50700000       0.10000000     101.50700000  riv
  1 1927     102.50700000       0.10000000     101.50700000  riv
  1 1929     102.50700000       0.10000000     101.50700000  riv
  1 1928     102.50700000       0.10000000     101.50700000  riv
  1 1929     102.50700000       0.10000000     101.50700000  riv
  1 1928     102.50700000       0.10000000     101.50700000  riv
  1 1928     102.50700000       0.10000000     101.50700000  riv
  1 1928     102.38000000       0.10000000     101.38000000  riv
  1 1928     102.38000000       0.10000000     101.38000000  riv
  1 2200     102.38000000       0.10000000     101.38000000  riv
  1 2200     102.38000000       0.10000000     101.38000000  riv
  1 2200     102.38000000       0.10000000     101.38000000  riv
  1 2200     102.38000000       0.10000000     101.38000000  riv
  1 2200     102.38000000       0.10000000     101.38000000  riv
  1 2200     102.56600000       0.10000000     101.56600000  riv
  1 2200     102.56600000       0.10000000     101.56600000  riv
  1 2202     102.56600000       0.10000000     101.56600000  riv
  1 2202     102.56600000       0.10000000     101.56600000  riv
  1 2202     102.56600000       0.10000000     101.56600000  riv
  1 2202     102.56600000       0.10000000     101.56600000  riv
  1 2199     102.56600000       0.10000000     101.56600000  riv
  1 2202     102.56600000       0.10000000     101.56600000  riv
  1 2199     102.56600000       0.10000000     101.56600000  riv
  1 2477     102.56600000       0.10000000     101.56600000  riv
  1 2477     102.42300000       0.10000000     101.42300000  riv
  1 2477     102.42300000       0.10000000     101.42300000  riv
  1 2477     102.42300000       0.10000000     101.42300000  riv
  1 2477     102.42300000       0.10000000     101.42300000  riv
  1 2477     102.42300000       0.10000000     101.42300000  riv
  1 2479     102.42300000       0.10000000     101.42300000  riv
  1 2479     102.42300000       0.10000000     101.42300000  riv
  1 2479     102.42300000       0.10000000     101.42300000  riv
  1 2479     102.42700000       0.10000000     101.42700000  riv
  1 2479     102.42700000       0.10000000     101.42700000  riv
  1 2479     102.42700000       0.10000000     101.42700000  riv
  1 2479     102.42700000       0.10000000     101.42700000  riv
  1 2754     102.42700000       0.10000000     101.42700000  riv
  1 2754     102.42700000       0.10000000     101.42700000  riv
  1 2754     102.42700000       0.10000000     101.42700000  riv
  1 2754     102.69100000       0.10000000     101.69100000  riv
  1 2753     102.69100000       0.10000000     101.69100000  riv
  1 2754     102.69100000       0.10000000     101.69100000  riv
  1 2753     102.69100000       0.10000000     101.69100000  riv
  1 2755     102.69100000       0.10000000     101.69100000  riv
  1 2755     102.69100000       0.10000000     101.69100000  riv
  1 2755     102.35400000       0.10000000     101.35400000  riv
  1 2755     102.35400000       0.10000000     101.35400000  riv
  1 2755     102.35400000       0.10000000     101.35400000  riv
  1 2755     102.51700000       0.10000000     101.51700000  riv
  1 3018     102.51700000       0.10000000     101.51700000  riv
  1 3018     102.51700000       0.10000000     101.51700000  riv
  1 3018     102.51700000       0.10000000     101.51700000  riv
  1 3018     102.51700000       0.10000000     101.51700000  riv
  1 3018     102.43000000       0.10000000     101.43000000  riv
  1 3018     102.43000000       0.10000000     101.43000000  riv
  1 3018     102.43000000       0.10000000     101.43000000  riv
  1 3020     102.43000000       0.10000000     101.43000000  riv
  1 3020     102.43000000       0.10000000     101.43000000  riv
  1 3020     102.43000000       0.10000000     101.43000000  riv
  1 3020     102.34500000       0.10000000     101.34500000  riv
  1 3020     102.34500000       0.10000000     101.34500000  riv
  1 3020     102.34500000       0.10000000     101.34500000  riv
  1 3271     102.34500000       0.10000000     101.34500000  riv
  1 3274     102.34500000       0.10000000     101.34500000  riv
  1 3271     102.34500000       0.10000000     101.34500000  riv
  1 3271     102.34500000       0.10000000     101.34500000  riv
  1 3271     102.40800000       0.10000000     101.40800000  riv
  1 3271     102.40800000       0.10000000     101.40800000  riv
  1 3271     102.40800000       0.10000000     101.40800000  riv
  1 3273     102.40800000       0.10000000     101.40800000  riv
  1 3273     102.40800000       0.10000000     101.40800000  riv
  1 3273     102.40800000       0.10000000     101.40800000  riv
  1 3273     102.28300000       0.10000000     101.28300000  riv
  1 3273     102.28300000       0.10000000     101.28300000  riv
  1 3273     102.28300000       0.10000000     101.28300000  riv
  1 3512     102.28300000       0.10000000     101.28300000  riv
  1 3512     102.28300000       0.10000000     101.28300000  riv
  1 3512     102.28300000       0.10000000     101.28300000  riv
  1 3515     102.28300000       0.10000000     101.28300000  riv
  1 3515     102.15700000       0.10000000     101.15700000  riv
  1 3515     102.15700000       0.10000000     101.15700000  riv
  1 3515     102.15700000       0.10000000     101.15700000  riv
  1 3517     102.15700000       0.10000000     101.15700000  riv
  1 3517     102.15700000       0.10000000     101.15700000  riv
  1 3517     102.21000000       0.10000000     101.21000000  riv
  1 3517     102.21000000       0.10000000     101.21000000  riv
  1 3517     102.21000000       0.10000000     101.21000000  riv
  1 3517     102.21000000       0.10000000     101.21000000  riv
  1 3741     102.21000000       0.10000000     101.21000000  riv
  1 3741     102.26300000       0.10000000     101.26300000  riv
  1 3741     102.26300000       0.10000000     101.26300000  riv
  1 3741     102.26300000       0.10000000     101.26300000  riv
  1 3738     102.32500000       0.10000000     101.32500000  riv
  1 3741     102.32500000       0.10000000     101.32500000  riv
  1 3738     102.32500000       0.10000000     101.32500000  riv
  1 3738     102.41600000       0.10000000     101.41600000  riv
  1 3740     102.41600000       0.10000000     101.41600000  riv
  1 3740     102.41600000       0.10000000     101.41600000  riv
  1 3740     102.31800000       0.10000000     101.31800000  riv
  1 3740     102.31800000       0.10000000     101.31800000  riv
  1 3740     102.31800000       0.10000000     101.31800000  riv
  1 3740     102.19100000       0.10000000     101.19100000  riv
  1 3740     102.19100000       0.10000000     101.19100000  riv
  1 3943     102.19100000       0.10000000     101.19100000  riv
  1 3943     102.19100000       0.10000000     101.19100000  riv
  1 3943     102.19100000       0.10000000     101.19100000  riv
  1 3943     102.19100000       0.10000000     101.19100000  riv
  1 3943     102.25500000       0.10000000     101.25500000  riv
  1 3943     102.25500000       0.10000000     101.25500000  riv
  1 3945     102.25500000       0.10000000     101.25500000  riv
  1 3945     102.25500000       0.10000000     101.25500000  riv
  1 3944     102.25500000       0.10000000     101.25500000  riv
  1 3945     102.25500000       0.10000000     101.25500000  riv
  1 3944     102.25500000       0.10000000     101.25500000  riv
  1 3944     102.21900000       0.10000000     101.21900000  riv
  1 3944     102.21900000       0.10000000     101.21900000  riv
  1 4111     102.21900000       0.10000000     101.21900000  riv
  1 4111     102.21900000       0.10000000     101.21900000  riv
  1 4111     100.72100000       0.10000000      99.72100000  riv
  1 4111     100.72100000       0.10000000      99.72100000  riv
  1 4111     100.58300000       0.10000000      99.58300000  riv
  1 4111     100.58300000       0.10000000      99.58300000  riv
  1 4113     100.58300000       0.10000000      99.58300000  riv
  1 4113     100.58300000       0.10000000      99.58300000  riv
  1 4113     100.58300000       0.10000000      99.58300000  riv
  1 4114     100.58300000       0.10000000      99.58300000  riv
  1 4114     100.46700000       0.10000000      99.46700000  riv
  1 4114     100.46700000       0.10000000      99.46700000  riv
  1 4114     100.46700000       0.10000000      99.46700000  riv
  1 4221     100.46700000       0.10000000      99.46700000  riv
  1 4221     100.46700000       0.10000000      99.46700000  riv
  1 4221     100.38900000       0.10000000      99.38900000  riv
  1 4221     100.38900000       0.10000000      99.38900000  riv
  1 4221     100.38900000       0.10000000      99.38900000  riv
  1 4221     100.37200000       0.10000000      99.37200000  riv
  1 4223     100.37200000       0.10000000      99.37200000  riv
  1 4223     100.37200000       0.10000000      99.37200000  riv
  1 4223     100.37200000       0.10000000      99.37200000  riv
  1 4223     100.37200000       0.10000000      99.37200000  riv
  1 4223     100.32600000       0.10000000      99.32600000  riv
  1 4223     100.32600000       0.10000000      99.32600000  riv
  1 4312     100.32600000       0.10000000      99.32600000  riv
  1 4312     100.32600000       0.10000000      99.32600000  riv
  1 4312     100.32600000       0.10000000      99.32600000  riv
  1 4312     100.28900000       0.10000000      99.28900000  riv
  1 4312     100.28900000       0.10000000      99.28900000  riv
  1 4312     100.28900000       0.10000000      99.28900000  riv
  1 4312     100.28900000       0.10000000      99.28900000  riv
  1 4314     100.28900000       0.10000000      99.28900000  riv
  1 4314     100.32200000       0.10000000      99.32200000  riv
  1 4317     100.32200000       0.10000000      99.32200000  riv
  1 4317     100.32200000       0.10000000      99.32200000  riv
  1 4317     100.32200000       0.10000000      99.32200000  riv
  1 4317     100.32200000       0.10000000      99.32200000  riv
  1 4317     100.24400000       0.10000000      99.24400000  riv
  1 4317     100.24400000       0.10000000      99.24400000  riv
  1 4394     100.24400000       0.10000000      99.24400000  riv
  1 4394     100.24400000       0.10000000      99.24400000  riv
  1 4394     100.19700000       0.10000000      99.19700000  riv
  1 4394     100.19700000       0.10000000      99.19700000  riv
  1 4394     100.19700000       0.10000000      99.19700000  riv
  1 4394     100.19700000       0.10000000      99.19700000  riv
  1 4396     100.19700000       0.10000000      99.19700000  riv
  1 4396     100.19700000       0.10000000      99.19700000  riv
  1 4396     100.19700000       0.10000000      99.19700000  riv
  1 4396     100.08400000       0.10000000      99.08400000  riv
  1 4396     100.08400000       0.10000000      99.08400000  riv
  1 4396     100.08400000       0.10000000      99.08400000  riv
  1 4397     100.08400000       0.10000000      99.08400000  riv
  1 4465     100.08400000       0.10000000      99.08400000  riv
  1 4465     100.08400000       0.10000000      99.08400000  riv
  1 4465     100.08400000       0.10000000      99.08400000  riv
  1 4465     100.08400000       0.10000000      99.08400000  riv
  1 4465     100.08400000       0.10000000      99.08400000  riv
  1 4465     100.08400000       0.10000000      99.08400000  riv
  1 4467     100.08400000       0.10000000      99.08400000  riv
  1 4467     100.12000000       0.10000000      99.12000000  riv
  1 4467     100.12000000       0.10000000      99.12000000  riv
  1 4467     100.12000000       0.10000000      99.12000000  riv
  1 4467     100.12000000       0.10000000      99.12000000  riv
  1 4467     100.12000000       0.10000000      99.12000000  riv
  1 4467     100.12000000       0.10000000      99.12000000  riv
  1 4517     100.12000000       0.10000000      99.12000000  riv
  1 4517     100.12000000       0.10000000      99.12000000  riv
  1 4517     100.02700000       0.10000000      99.02700000  riv
  1 4517     100.02700000       0.10000000      99.02700000  riv
  1 4517     100.02700000       0.10000000      99.02700000  riv
  1 4517     100.02700000       0.10000000      99.02700000  riv
  1 4519     100.02700000       0.10000000      99.02700000  riv
  1 4519     100.02700000       0.10000000      99.02700000  riv
  1 4519     100.02700000       0.10000000      99.02700000  riv
  1 4519     100.02700000       0.10000000      99.02700000  riv
  1 4522     100.02700000       0.10000000      99.02700000  riv
  1 4522     100.02700000       0.10000000      99.02700000  riv
  1 4522     100.05200000       0.10000000      99.05200000  riv
  1 4566     100.05200000       0.10000000      99.05200000  riv
  1 4566     100.05200000       0.10000000      99.05200000  riv
  1 4566     100.05200000       0.10000000      99.05200000  riv
  1 4566     100.05200000       0.10000000      99.05200000  riv
  1 4566     100.05200000       0.10000000      99.05200000  riv
  1 4566     100.05200000       0.10000000      99.05200000  riv
  1 4568     100.05200000       0.10000000      99.05200000  riv
  1 4568      99.96600000       0.10000000      98.96600000  riv
  1 4568      99.96600000       0.10000000      98.96600000  riv
  1 4568      99.96600000       0.10000000      98.96600000  riv
  1 4568      99.96600000       0.10000000      98.96600000  riv
  1 4568      99.96600000       0.10000000      98.96600000  riv
  1 4612      99.96600000       0.10000000      98.96600000  riv
  1 4612      99.96600000       0.10000000      98.96600000  riv
  1 4612      99.96600000       0.10000000      98.96600000  riv
  1 4612      99.92300000       0.10000000      98.92300000  riv
  1 4612      99.92300000       0.10000000      98.92300000  riv
  1 4612      99.92300000       0.10000000      98.92300000  riv
  1 4612      99.92300000       0.10000000      98.92300000  riv
  1 4614      99.92300000       0.10000000      98.92300000  riv
  1 4614      99.92300000       0.10000000      98.92300000  riv
  1 4614      99.92300000       0.10000000      98.92300000  riv
  1 4615      99.92300000       0.10000000      98.92300000  riv
  1 4615      99.92300000       0.10000000      98.92300000  riv
  1 4615      99.88800000       0.10000000      98.88800000  riv
  1 4615      99.88800000       0.10000000      98.88800000  riv
  1 4659      99.88800000       0.10000000      98.88800000  riv
  1 4659      99.88800000       0.10000000      98.88800000  riv
  1 4659      99.88800000       0.10000000      98.88800000  riv
  1 4659      99.88800000       0.10000000      98.88800000  riv
  1 4659      99.88800000       0.10000000      98.88800000  riv
  1 4659      99.88800000       0.10000000      98.88800000  riv
  1 4661      99.88800000       0.10000000      98.88800000  riv
  1 4661      99.81500000       0.10000000      98.81500000  riv
  1 4661      99.81500000       0.10000000      98.81500000  riv
  1 4661      99.81500000       0.10000000      98.81500000  riv
  1 4661      99.81500000       0.10000000      98.81500000  riv
  1 4661      99.81500000       0.10000000      98.81500000  riv
  1 4705      99.81500000       0.10000000      98.81500000  riv
  1 4705      99.81500000       0.10000000      98.81500000  riv
  1 4705      99.81500000       0.10000000      98.81500000  riv
  1 4705      99.81500000       0.10000000      98.81500000  riv
  1 4705      99.81500000       0.10000000      98.81500000  riv
  1 4705      99.81500000       0.10000000      98.81500000  riv
  1 4707      99.81500000       0.10000000      98.81500000  riv
  1 4707      99.79300000       0.10000000      98.79300000  riv
  1 4707      99.79300000       0.10000000      98.79300000  riv
  1 4707      99.79300000       0.10000000      98.79300000  riv
  1 4707      99.79300000       0.10000000      98.79300000  riv
  1 4707      99.79300000       0.10000000      98.79300000  riv
  1 4751      99.79300000       0.10000000      98.79300000  riv
  1 4751      99.79300000       0.10000000      98.79300000  riv
  1 4751      99.79300000       0.10000000      98.79300000  riv
  1 4751      99.79300000       0.10000000      98.79300000  riv
  1 4751      99.79300000       0.10000000      98.79300000  riv
  1 4751      99.73100000       0.10000000      98.73100000  riv
  1 4753      99.73100000       0.10000000      98.73100000  riv
  1 4753      99.73100000       0.10000000      98.73100000  riv
  1 4753      99.73100000       0.10000000      98.73100000  riv
  1 4753      99.73100000       0.10000000      98.73100000  riv
  1 4753      99.73100000       0.10000000      98.73100000  riv
  1 4753      99.73100000       0.10000000      98.73100000  riv
  1 4797      99.73100000       0.10000000      98.73100000  riv
  1 4797      99.73100000       0.10000000      98.73100000  riv
  1 4797      99.62600000       0.10000000      98.62600000  riv
  1 4797      99.62600000       0.10000000      98.62600000  riv
  1 4797      99.62600000       0.10000000      98.62600000  riv
  1 4797      99.62600000       0.10000000      98.62600000  riv
  1 4799      99.62600000       0.10000000      98.62600000  riv
  1 4799      99.62600000       0.10000000      98.62600000  riv
  1 4799      99.62600000       0.10000000      98.62600000  riv
  1 4799      99.62600000       0.10000000      98.62600000  riv
  1 4799      99.58200000       0.10000000      98.58200000  riv
  1 4799      99.58200000       0.10000000      98.58200000  riv
  1 4843      99.58200000       0.10000000      98.58200000  riv
  1 4843      99.58200000       0.10000000      98.58200000  riv
  1 4843      99.58200000       0.10000000      98.58200000  riv
  1 4843      99.58200000       0.10000000      98.58200000  riv
  1 4843      99.58200000       0.10000000      98.58200000  riv
  1 4843      99.58200000       0.10000000      98.58200000  riv
  1 4845      99.58200000       0.10000000      98.58200000  riv
  1 4845      99.58200000       0.10000000      98.58200000  riv
  1 4845      99.62900000       0.10000000      98.62900000  riv
  1 4845      99.62900000       0.10000000      98.62900000  riv
  1 4845      99.62900000       0.10000000      98.62900000  riv
  1 4845      99.62900000       0.10000000      98.62900000  riv
  1 4889      99.62900000       0.10000000      98.62900000  riv
  1 4889      99.62900000       0.10000000      98.62900000  riv
  1 4892      99.62900000       0.10000000      98.62900000  riv
  1 4892      99.62900000       0.10000000      98.62900000  riv
  1 4892      99.62900000       0.10000000      98.62900000  riv
  1 4892      99.62900000       0.10000000      98.62900000  riv
  1 4892      99.55400000       0.10000000      98.55400000  riv
  1 4892      99.55400000       0.10000000      98.55400000  riv
  1 4894      99.55400000       0.10000000      98.55400000  riv
  1 4894      99.55400000       0.10000000      98.55400000  riv
  1 4894      99.55400000       0.10000000      98.55400000  riv
  1 4894      99.55400000       0.10000000      98.55400000  riv
  1 4894     100.05700000       0.10000000      99.05700000  riv
  1 4894     100.05700000       0.10000000      99.05700000  riv
  1 4938     100.05700000       0.10000000      99.05700000  riv
  1 4938     100.05700000       0.10000000      99.05700000  riv
  1 4938     100.05700000       0.10000000      99.05700000  riv
  1 4938      99.49100000       0.10000000      98.49100000  riv
  1 4938      99.49100000       0.10000000      98.49100000  riv
  1 4938      99.49100000       0.10000000      98.49100000  riv
  1 4940      99.49100000       0.10000000      98.49100000  riv
  1 4940      99.49100000       0.10000000      98.49100000  riv
  1 4940      99.56300000       0.10000000      98.56300000  riv
  1 4940      99.56300000       0.10000000      98.56300000  riv
  1 4941      99.56300000       0.10000000      98.56300000  riv
  1 4941      99.56300000       0.10000000      98.56300000  riv
  1 4941      99.37400000       0.10000000      98.37400000  riv
  1 4941      99.37400000       0.10000000      98.37400000  riv
  1 4941      99.37400000       0.10000000      98.37400000  riv
  1 4941      99.37400000       0.10000000      98.37400000  riv
  1 4944      99.37400000       0.10000000      98.37400000  riv
  1 4944      99.37400000       0.10000000      98.37400000  riv
  1 4944      99.37400000       0.10000000      98.37400000  riv
  1 4944      99.37400000       0.10000000      98.37400000  riv
  1 4944      99.37400000       0.10000000      98.37400000  riv
  1 4944      99.37400000       0.10000000      98.37400000  riv
  1 4945      99.37400000       0.10000000      98.37400000  riv
  1 4945      99.47300000       0.10000000      98.47300000  riv
  1 4945      99.47300000       0.10000000      98.47300000  riv
  1 4945      99.47300000       0.10000000      98.47300000  riv
  1 4945      99.47300000       0.10000000      98.47300000  riv
  1 4945      99.47300000       0.10000000      98.47300000  riv
  1 4945      99.39100000       0.10000000      98.39100000  riv
  1 4948      99.39100000       0.10000000      98.39100000  riv
  1 4946      99.39100000       0.10000000      98.39100000  riv
  1 4948      99.39100000       0.10000000      98.39100000  riv
  1 4946      99.39100000       0.10000000      98.39100000  riv
  1 4948      99.39100000       0.10000000      98.39100000  riv
  1 4948      99.39100000       0.10000000      98.39100000  riv
  1 4948      99.39100000       0.10000000      98.39100000  riv
  1 4948     100.69400000       0.10000000      99.69400000  riv
  1 4949     100.69400000       0.10000000      99.69400000  riv
  1 4949     100.69400000       0.10000000      99.69400000  riv
  1 4949     100.69400000       0.10000000      99.69400000  riv
  1 4949     100.69400000       0.10000000      99.69400000  riv
  1 4949     100.69400000       0.10000000      99.69400000  riv
  1 4949     100.69400000       0.10000000      99.69400000  riv
  1 4949     100.69400000       0.10000000      99.69400000  riv
  1 4951     100.69400000       0.10000000      99.69400000  riv
  1 4951     100.69400000       0.10000000      99.69400000  riv
  1 4994     100.69400000       0.10000000      99.69400000  riv
  1 4994     100.69400000       0.10000000      99.69400000  riv
  1 4994      97.37000000       0.10000000      96.37000000  riv
  1 4994      97.37000000       0.10000000      96.37000000  riv
  1 4994      97.37000000       0.10000000      96.37000000  riv
  1 4994      97.37000000       0.10000000      96.37000000  riv
  1 4994      97.37000000       0.10000000      96.37000000  riv
