31	34	76	76	0.125	0.125
36	35	81	81	0.125	0.125
76	77	31	31	0.125	0.125
81	78	36	36	0.125	0.125
76	79	121	121	0.125	0.125
81	80	126	127	0.166667	0.166667
121	122	76	76	0.125	0.125
121	124	169	169	0.125	0.125
81	126	78	80	0.166667	0.166667
81	127	82	82	0.125	0.125
130	127	82	82	0.125	0.125
130	129	178	178	0.125	0.125
169	170	121	121	0.125	0.125
169	172	217	217	0.125	0.125
178	175	130	130	0.125	0.125
178	177	226	226	0.125	0.125
217	218	169	169	0.125	0.125
266	220	265	265	0.125	0.125
217	220	265	265	0.125	0.125
266	221	269	267	0.166667	0.166667
226	223	178	178	0.125	0.125
226	225	271	271	0.125	0.125
266	267	221	220	0.166667	0.166667
271	268	226	226	0.125	0.125
266	269	311	311	0.125	0.125
271	270	316	317	0.166667	0.166667
311	312	266	266	0.125	0.125
360	314	359	359	0.125	0.125
311	314	359	359	0.125	0.125
360	315	363	361	0.166667	0.166667
271	316	268	270	0.166667	0.166667
271	317	272	272	0.125	0.125
320	317	272	272	0.125	0.125
320	319	365	365	0.125	0.125
360	361	315	314	0.166667	0.166667
365	362	320	320	0.125	0.125
360	363	405	405	0.125	0.125
365	364	410	410	0.125	0.125
405	406	360	360	0.125	0.125
410	407	365	365	0.125	0.125
405	408	450	450	0.125	0.125
410	409	455	456	0.166667	0.166667
450	451	405	405	0.125	0.125
499	453	498	498	0.125	0.125
450	453	498	498	0.125	0.125
499	454	502	500	0.166667	0.166667
410	455	407	409	0.166667	0.166667
410	456	411	411	0.125	0.125
459	456	411	411	0.125	0.125
459	458	504	504	0.125	0.125
499	500	454	453	0.166667	0.166667
504	501	459	459	0.125	0.125
499	502	544	544	0.125	0.125
504	503	549	550	0.166667	0.166667
544	545	499	499	0.125	0.125
544	547	604	604	0.125	0.125
504	549	501	503	0.166667	0.166667
504	550	505	505	0.125	0.125
553	550	505	505	0.125	0.125
553	552	613	613	0.125	0.125
539	587	538	538	0.125	0.125
586	587	538	538	0.125	0.125
539	588	540	540	0.125	0.125
586	589	652	653	0.166667	0.166667
540	591	539	539	0.125	0.125
540	592	541	541	0.125	0.125
541	595	540	540	0.125	0.125
541	596	542	542	0.125	0.125
542	599	541	541	0.125	0.125
542	600	543	543	0.125	0.125
603	600	543	543	0.125	0.125
603	602	672	673	0.166667	0.166667
604	605	544	544	0.125	0.125
604	607	676	677	0.166667	0.166667
613	610	553	553	0.125	0.125
613	612	688	689	0.166667	0.166667
584	644	583	583	0.125	0.125
643	644	583	583	0.125	0.125
584	645	585	585	0.125	0.125
643	646	727	728	0.166667	0.166667
585	648	584	584	0.125	0.125
585	649	586	586	0.125	0.125
586	652	585	585	0.125	0.125
586	653	589	587	0.166667	0.166667
603	672	600	602	0.166667	0.166667
603	673	604	604	0.125	0.125
604	676	603	603	0.125	0.125
604	677	607	605	0.166667	0.166667
613	688	610	612	0.166667	0.166667
613	689	614	614	0.125	0.125
614	692	613	613	0.125	0.125
614	693	615	615	0.125	0.125
615	696	614	614	0.125	0.125
615	697	616	616	0.125	0.125
700	697	616	616	0.125	0.125
700	699	787	788	0.166667	0.166667
643	727	642	642	0.125	0.125
726	727	642	642	0.125	0.125
643	728	646	644	0.166667	0.166667
726	729	816	817	0.166667	0.166667
700	787	697	699	0.166667	0.166667
700	788	701	701	0.125	0.125
791	788	701	701	0.125	0.125
791	790	884	884	0.125	0.125
726	816	725	725	0.125	0.125
815	816	725	725	0.125	0.125
726	817	729	727	0.166667	0.166667
815	818	908	909	0.166667	0.166667
884	881	791	791	0.125	0.125
884	883	989	990	0.166667	0.166667
815	908	814	814	0.125	0.125
907	908	814	814	0.125	0.125
815	909	818	816	0.166667	0.166667
907	910	1018	1019	0.166667	0.166667
936	938	933	933	0.125	0.125
935	938	933	933	0.125	0.125
936	939	937	937	0.125	0.125
935	940	1068	1069	0.166667	0.166667
937	942	936	936	0.125	0.125
937	943	946	946	0.125	0.125
946	948	937	937	0.125	0.125
946	949	947	947	0.125	0.125
952	949	947	947	0.125	0.125
952	951	1100	1101	0.166667	0.166667
884	989	881	883	0.166667	0.166667
884	990	885	885	0.125	0.125
993	990	885	885	0.125	0.125
993	992	1158	1158	0.125	0.125
906	1014	905	905	0.125	0.125
1013	1014	905	905	0.125	0.125
906	1015	907	907	0.125	0.125
1013	1016	1181	1182	0.166667	0.166667
907	1018	906	906	0.125	0.125
907	1019	910	908	0.166667	0.166667
1038	1040	1035	1035	0.125	0.125
1037	1040	1035	1035	0.125	0.125
1038	1041	1039	1039	0.125	0.125
1037	1042	1212	1213	0.166667	0.166667
1039	1044	1038	1038	0.125	0.125
1039	1045	1050	1048	0.166667	0.166667
930	1048	927	927	0.125	0.125
1039	1048	927	927	0.125	0.125
930	1049	931	931	0.125	0.125
1039	1050	1044	1045	0.166667	0.166667
931	1052	930	930	0.125	0.125
931	1053	934	934	0.125	0.125
934	1064	931	931	0.125	0.125
934	1065	935	935	0.125	0.125
935	1068	934	934	0.125	0.125
935	1069	940	938	0.166667	0.166667
952	1100	949	951	0.166667	0.166667
952	1101	955	955	0.125	0.125
955	1112	952	952	0.125	0.125
955	1113	956	956	0.125	0.125
1116	1113	956	956	0.125	0.125
1116	1115	1121	1121	0.125	0.125
1121	1118	1116	1116	0.125	0.125
1121	1120	1308	1309	0.166667	0.166667
1158	1155	993	993	0.125	0.125
1158	1157	1356	1356	0.125	0.125
1012	1177	1011	1011	0.125	0.125
1176	1177	1011	1011	0.125	0.125
1012	1178	1013	1013	0.125	0.125
1176	1179	1377	1378	0.166667	0.166667
1013	1181	1012	1012	0.125	0.125
1013	1182	1016	1014	0.166667	0.166667
1201	1203	1198	1198	0.125	0.125
1200	1203	1198	1198	0.125	0.125
1201	1204	1202	1202	0.125	0.125
1200	1205	1402	1403	0.166667	0.166667
1202	1207	1201	1201	0.125	0.125
1202	1208	1211	1211	0.125	0.125
1037	1212	1036	1036	0.125	0.125
1211	1212	1036	1036	0.125	0.125
1037	1213	1042	1040	0.166667	0.166667
1211	1214	1216	1217	0.166667	0.166667
1211	1216	1202	1202	0.125	0.125
1211	1217	1214	1212	0.166667	0.166667
1121	1308	1118	1120	0.166667	0.166667
1121	1309	1124	1124	0.125	0.125
1320	1309	1124	1124	0.125	0.125
1320	1311	1322	1322	0.125	0.125
1322	1317	1320	1320	0.125	0.125
1322	1319	1542	1542	0.125	0.125
1356	1353	1158	1158	0.125	0.125
1574	1354	1571	1573	0.166667	0.166667
1356	1355	1575	1575	0.125	0.125
1574	1355	1575	1575	0.125	0.125
1175	1373	1174	1174	0.125	0.125
1372	1373	1174	1174	0.125	0.125
1175	1374	1176	1176	0.125	0.125
1372	1375	1591	1592	0.166667	0.166667
1176	1377	1175	1175	0.125	0.125
1176	1378	1179	1177	0.166667	0.166667
1200	1402	1199	1199	0.125	0.125
1401	1402	1199	1199	0.125	0.125
1200	1403	1205	1203	0.166667	0.166667
1401	1404	1406	1407	0.166667	0.166667
1401	1406	1398	1398	0.125	0.125
1400	1406	1398	1398	0.125	0.125
1401	1407	1404	1402	0.166667	0.166667
1400	1408	1632	1633	0.166667	0.166667
1542	1531	1322	1322	0.125	0.125
1542	1533	1544	1544	0.125	0.125
1544	1539	1542	1542	0.125	0.125
1544	1541	1788	1788	0.125	0.125
1574	1571	1355	1354	0.166667	0.166667
1574	1573	1820	1820	0.125	0.125
1372	1591	1371	1371	0.125	0.125
1590	1591	1371	1371	0.125	0.125
1372	1592	1375	1373	0.166667	0.166667
1590	1593	1836	1837	0.166667	0.166667
1612	1614	1611	1611	0.125	0.125
1613	1614	1611	1611	0.125	0.125
1612	1615	1618	1618	0.125	0.125
1613	1616	1869	1870	0.166667	0.166667
1618	1620	1612	1612	0.125	0.125
1618	1621	1619	1619	0.125	0.125
1619	1624	1618	1618	0.125	0.125
1619	1625	1630	1628	0.166667	0.166667
1399	1628	1396	1396	0.125	0.125
1619	1628	1396	1396	0.125	0.125
1399	1629	1400	1400	0.125	0.125
1619	1630	1624	1625	0.166667	0.166667
1400	1632	1399	1399	0.125	0.125
1400	1633	1408	1406	0.166667	0.166667
1788	1777	1544	1544	0.125	0.125
1788	1779	1790	1790	0.125	0.125
1790	1785	1788	1788	0.125	0.125
2049	1786	2046	2048	0.166667	0.166667
1790	1787	2055	2055	0.125	0.125
2049	1787	2055	2055	0.125	0.125
1820	1817	1574	1574	0.125	0.125
2083	1818	2080	2082	0.166667	0.166667
1820	1819	2084	2084	0.125	0.125
2083	1819	2084	2084	0.125	0.125
1590	1836	1589	1589	0.125	0.125
1835	1836	1589	1589	0.125	0.125
1590	1837	1593	1591	0.166667	0.166667
1835	1838	2099	2100	0.166667	0.166667
1610	1857	1609	1609	0.125	0.125
1856	1857	1609	1609	0.125	0.125
1610	1858	1613	1613	0.125	0.125
1856	1859	1861	1862	0.166667	0.166667
1856	1861	1853	1853	0.125	0.125
1855	1861	1853	1853	0.125	0.125
1856	1862	1859	1857	0.166667	0.166667
1855	1863	2120	2121	0.166667	0.166667
1613	1869	1610	1610	0.125	0.125
1613	1870	1616	1614	0.166667	0.166667
2049	2046	1787	1786	0.166667	0.166667
2049	2048	2054	2054	0.125	0.125
2054	2051	2049	2049	0.125	0.125
2054	2053	2325	2325	0.125	0.125
2083	2080	1819	1818	0.166667	0.166667
2083	2082	2359	2359	0.125	0.125
1835	2099	1834	1834	0.125	0.125
2098	2099	1834	1834	0.125	0.125
1835	2100	1838	1836	0.166667	0.166667
2098	2101	2374	2375	0.166667	0.166667
1855	2120	1854	1854	0.125	0.125
2119	2120	1854	1854	0.125	0.125
1855	2121	1863	1861	0.166667	0.166667
2119	2122	2124	2124	0.125	0.125
2124	2125	2119	2119	0.125	0.125
2124	2127	2398	2399	0.166667	0.166667
2325	2322	2054	2054	0.125	0.125
2325	2324	2330	2330	0.125	0.125
2330	2327	2325	2325	0.125	0.125
2606	2328	2595	2597	0.166667	0.166667
2330	2329	2607	2607	0.125	0.125
2606	2329	2607	2607	0.125	0.125
2359	2356	2083	2083	0.125	0.125
2634	2357	2631	2633	0.166667	0.166667
2359	2358	2635	2635	0.125	0.125
2634	2358	2635	2635	0.125	0.125
2098	2374	2097	2097	0.125	0.125
2373	2374	2097	2097	0.125	0.125
2098	2375	2101	2099	0.166667	0.166667
2373	2376	2649	2649	0.125	0.125
2124	2398	2118	2118	0.125	0.125
2395	2398	2118	2118	0.125	0.125
2124	2399	2127	2125	0.166667	0.166667
2395	2400	2397	2397	0.125	0.125
2397	2406	2395	2395	0.125	0.125
2397	2408	2671	2671	0.125	0.125
2606	2595	2329	2328	0.166667	0.166667
2606	2597	2608	2608	0.125	0.125
2608	2603	2606	2606	0.125	0.125
2608	2605	2879	2879	0.125	0.125
2895	2624	2892	2894	0.166667	0.166667
2895	2625	2898	2896	0.166667	0.166667
2634	2631	2358	2357	0.166667	0.166667
2900	2632	2897	2899	0.166667	0.166667
2634	2633	2901	2901	0.125	0.125
2900	2633	2901	2901	0.125	0.125
2649	2650	2373	2373	0.125	0.125
2649	2652	2916	2917	0.166667	0.166667
2671	2674	2397	2397	0.125	0.125
2671	2676	2673	2673	0.125	0.125
2673	2682	2671	2671	0.125	0.125
2673	2684	2941	2941	0.125	0.125
2879	2871	2608	2608	0.125	0.125
2878	2872	2875	2877	0.166667	0.166667
2879	2873	2881	2881	0.125	0.125
2878	2873	2881	2881	0.125	0.125
2878	2875	2873	2872	0.166667	0.166667
2878	2877	3137	3137	0.125	0.125
2895	2892	2625	2624	0.166667	0.166667
3155	2893	3152	3154	0.166667	0.166667
2895	2894	3156	3156	0.125	0.125
3155	2894	3156	3156	0.125	0.125
2895	2896	2625	2624	0.166667	0.166667
2900	2897	2633	2632	0.166667	0.166667
2895	2898	3156	3156	0.125	0.125
2900	2899	3161	3161	0.125	0.125
2649	2916	2648	2648	0.125	0.125
2915	2916	2648	2648	0.125	0.125
2649	2917	2652	2650	0.166667	0.166667
2915	2918	3176	3176	0.125	0.125
2941	2944	2673	2673	0.125	0.125
2952	2946	2943	2943	0.125	0.125
2941	2946	2943	2943	0.125	0.125
2952	2947	2955	2953	0.166667	0.166667
2952	2953	2947	2946	0.166667	0.166667
2952	2955	3205	3205	0.125	0.125
3137	3134	2878	2878	0.125	0.125
3137	3136	3142	3142	0.125	0.125
3142	3139	3137	3137	0.125	0.125
3385	3140	3377	3379	0.166667	0.166667
3142	3141	3386	3386	0.125	0.125
3385	3141	3386	3386	0.125	0.125
3155	3152	2894	2893	0.166667	0.166667
3397	3153	3394	3396	0.166667	0.166667
3155	3154	3398	3398	0.125	0.125
3397	3154	3398	3398	0.125	0.125
3156	3157	2895	2895	0.125	0.125
3161	3158	2900	2900	0.125	0.125
3156	3159	3399	3399	0.125	0.125
3161	3160	3404	3404	0.125	0.125
3176	3177	2915	2915	0.125	0.125
3176	3179	3419	3419	0.125	0.125
3205	3206	2952	2952	0.125	0.125
3211	3208	3210	3210	0.125	0.125
3205	3208	3210	3210	0.125	0.125
3211	3209	3222	3220	0.166667	0.166667
3211	3220	3209	3208	0.166667	0.166667
3211	3222	3449	3449	0.125	0.125
3385	3377	3141	3140	0.166667	0.166667
3384	3378	3381	3383	0.166667	0.166667
3385	3379	3387	3387	0.125	0.125
3384	3379	3387	3387	0.125	0.125
3384	3381	3379	3378	0.166667	0.166667
3384	3383	3613	3613	0.125	0.125
3397	3394	3154	3153	0.166667	0.166667
3624	3395	3621	3623	0.166667	0.166667
3397	3396	3625	3625	0.125	0.125
3624	3396	3625	3625	0.125	0.125
3399	3400	3156	3156	0.125	0.125
3404	3401	3161	3161	0.125	0.125
3399	3402	3627	3627	0.125	0.125
3404	3403	3632	3632	0.125	0.125
3419	3420	3176	3176	0.125	0.125
3419	3422	3647	3647	0.125	0.125
3449	3452	3211	3211	0.125	0.125
3460	3454	3451	3451	0.125	0.125
3449	3454	3451	3451	0.125	0.125
3460	3455	3463	3461	0.166667	0.166667
3460	3461	3455	3454	0.166667	0.166667
3460	3463	3680	3680	0.125	0.125
3614	3606	3612	3611	0.166667	0.166667
3819	3607	3816	3818	0.166667	0.166667
3614	3608	3825	3825	0.125	0.125
3819	3608	3825	3825	0.125	0.125
3613	3610	3384	3384	0.125	0.125
3614	3611	3606	3608	0.166667	0.166667
3613	3612	3615	3615	0.125	0.125
3614	3612	3615	3615	0.125	0.125
3624	3621	3396	3395	0.166667	0.166667
3833	3622	3830	3832	0.166667	0.166667
3624	3623	3834	3834	0.125	0.125
3833	3623	3834	3834	0.125	0.125
3627	3628	3399	3399	0.125	0.125
3632	3629	3404	3404	0.125	0.125
3627	3630	3837	3838	0.166667	0.166667
3632	3631	3845	3845	0.125	0.125
3647	3648	3419	3419	0.125	0.125
3861	3650	3860	3860	0.125	0.125
3647	3650	3860	3860	0.125	0.125
3861	3651	3864	3862	0.166667	0.166667
3680	3681	3460	3460	0.125	0.125
3686	3683	3685	3685	0.125	0.125
3680	3683	3685	3685	0.125	0.125
3686	3684	3697	3695	0.166667	0.166667
3686	3695	3684	3683	0.166667	0.166667
3894	3697	3891	3891	0.125	0.125
3686	3697	3891	3891	0.125	0.125
3894	3698	3897	3895	0.166667	0.166667
3819	3816	3608	3607	0.166667	0.166667
3819	3818	3824	3824	0.125	0.125
3824	3821	3819	3819	0.125	0.125
4007	3822	4002	4004	0.166667	0.166667
3824	3823	4008	4008	0.125	0.125
4007	3823	4008	4008	0.125	0.125
3833	3830	3623	3622	0.166667	0.166667
3833	3832	4019	4019	0.125	0.125
3627	3837	3626	3626	0.125	0.125
3836	3837	3626	3626	0.125	0.125
3627	3838	3630	3628	0.166667	0.166667
3836	3839	4022	4022	0.125	0.125
3845	3842	3632	3632	0.125	0.125
4027	3843	4024	4026	0.166667	0.166667
3845	3844	4028	4028	0.125	0.125
4027	3844	4028	4028	0.125	0.125
3861	3862	3651	3650	0.166667	0.166667
4045	3864	4044	4044	0.125	0.125
3861	3864	4044	4044	0.125	0.125
4045	3865	4048	4046	0.166667	0.166667
3894	3895	3698	3697	0.166667	0.166667
3900	3897	3899	3899	0.125	0.125
3894	3897	3899	3899	0.125	0.125
3900	3898	3911	3909	0.166667	0.166667
3900	3909	3898	3897	0.166667	0.166667
4078	3911	4075	4075	0.125	0.125
3900	3911	4075	4075	0.125	0.125
4078	3912	4081	4079	0.166667	0.166667
4128	3979	4125	4127	0.166667	0.166667
4128	3980	4131	4131	0.125	0.125
4131	3991	4128	4128	0.125	0.125
4131	3992	4132	4132	0.125	0.125
4005	3994	4000	3999	0.166667	0.166667
4132	3995	4131	4131	0.125	0.125
4005	3996	4135	4135	0.125	0.125
4132	3996	4135	4135	0.125	0.125
4005	3999	3994	3996	0.166667	0.166667
4005	4000	4006	4006	0.125	0.125
4007	4002	3823	3822	0.166667	0.166667
4006	4003	4005	4005	0.125	0.125
4007	4004	4009	4009	0.125	0.125
4006	4004	4009	4009	0.125	0.125
4019	4016	3833	3833	0.125	0.125
4147	4017	4144	4146	0.166667	0.166667
4019	4018	4148	4148	0.125	0.125
4147	4018	4148	4148	0.125	0.125
4022	4023	3836	3836	0.125	0.125
4027	4024	3844	3843	0.166667	0.166667
4022	4025	4151	4151	0.125	0.125
4027	4026	4156	4157	0.166667	0.166667
4045	4046	3865	3864	0.166667	0.166667
4178	4048	4177	4177	0.125	0.125
4045	4048	4177	4177	0.125	0.125
4178	4049	4181	4179	0.166667	0.166667
4078	4079	3912	3911	0.166667	0.166667
4084	4081	4083	4083	0.125	0.125
4078	4081	4083	4083	0.125	0.125
4084	4082	4093	4093	0.125	0.125
4093	4087	4084	4084	0.125	0.125
4093	4088	4094	4094	0.125	0.125
4094	4091	4093	4093	0.125	0.125
4094	4092	4105	4103	0.166667	0.166667
4094	4103	4092	4091	0.166667	0.166667
4215	4105	4212	4212	0.125	0.125
4094	4105	4212	4212	0.125	0.125
4215	4106	4216	4216	0.125	0.125
4216	4109	4215	4215	0.125	0.125
4216	4110	4219	4219	0.125	0.125
4123	4117	4120	4122	0.166667	0.166667
4123	4118	4129	4129	0.125	0.125
4123	4120	4118	4117	0.166667	0.166667
4219	4121	4216	4216	0.125	0.125
4123	4122	4220	4220	0.125	0.125
4219	4122	4220	4220	0.125	0.125
4128	4125	3980	3979	0.166667	0.166667
4129	4126	4123	4123	0.125	0.125
4128	4127	4130	4130	0.125	0.125
4129	4127	4130	4130	0.125	0.125
4147	4144	4018	4017	0.166667	0.166667
4147	4146	4243	4243	0.125	0.125
4151	4152	4022	4022	0.125	0.125
4248	4154	4247	4247	0.125	0.125
4151	4154	4247	4247	0.125	0.125
4248	4155	4251	4249	0.166667	0.166667
4027	4156	4024	4026	0.166667	0.166667
4027	4157	4028	4028	0.125	0.125
4160	4157	4028	4028	0.125	0.125
4160	4159	4253	4253	0.125	0.125
4178	4179	4049	4048	0.166667	0.166667
4272	4181	4271	4271	0.125	0.125
4178	4181	4271	4271	0.125	0.125
4272	4182	4273	4273	0.125	0.125
4273	4185	4272	4272	0.125	0.125
4273	4186	4274	4274	0.125	0.125
4274	4189	4273	4273	0.125	0.125
4274	4190	4277	4275	0.166667	0.166667
4243	4240	4147	4147	0.125	0.125
4323	4241	4320	4322	0.166667	0.166667
4243	4242	4324	4324	0.125	0.125
4323	4242	4324	4324	0.125	0.125
4248	4249	4155	4154	0.166667	0.166667
4253	4250	4160	4160	0.125	0.125
4248	4251	4329	4329	0.125	0.125
4253	4252	4334	4334	0.125	0.125
4274	4275	4190	4189	0.166667	0.166667
4356	4277	4355	4355	0.125	0.125
4274	4277	4355	4355	0.125	0.125
4356	4278	4359	4357	0.166667	0.166667
4323	4320	4242	4241	0.166667	0.166667
4397	4321	4394	4396	0.166667	0.166667
4323	4322	4398	4398	0.125	0.125
4397	4322	4398	4398	0.125	0.125
4329	4330	4248	4248	0.125	0.125
4334	4331	4253	4253	0.125	0.125
4329	4332	4404	4404	0.125	0.125
4334	4333	4409	4410	0.166667	0.166667
4356	4357	4278	4277	0.166667	0.166667
4435	4359	4434	4434	0.125	0.125
4356	4359	4434	4434	0.125	0.125
4435	4360	4436	4436	0.125	0.125
4436	4363	4435	4435	0.125	0.125
4436	4364	4439	4437	0.166667	0.166667
4461	4391	4458	4460	0.166667	0.166667
4461	4392	4462	4462	0.125	0.125
4397	4394	4322	4321	0.166667	0.166667
4462	4395	4461	4461	0.125	0.125
4397	4396	4463	4463	0.125	0.125
4462	4396	4463	4463	0.125	0.125
4404	4405	4329	4329	0.125	0.125
4471	4407	4470	4470	0.125	0.125
4404	4407	4470	4470	0.125	0.125
4471	4408	4474	4472	0.166667	0.166667
4334	4409	4331	4333	0.166667	0.166667
4334	4410	4335	4335	0.125	0.125
4413	4410	4335	4335	0.125	0.125
4413	4412	4476	4476	0.125	0.125
4436	4437	4364	4363	0.166667	0.166667
4500	4439	4499	4499	0.125	0.125
4436	4439	4499	4499	0.125	0.125
4500	4440	4501	4501	0.125	0.125
4501	4443	4500	4500	0.125	0.125
4501	4444	4502	4502	0.125	0.125
4502	4447	4501	4501	0.125	0.125
4502	4448	4503	4503	0.125	0.125
4503	4451	4502	4502	0.125	0.125
4503	4452	4504	4504	0.125	0.125
4504	4455	4503	4503	0.125	0.125
4504	4456	4505	4505	0.125	0.125
4461	4458	4392	4391	0.166667	0.166667
4505	4459	4504	4504	0.125	0.125
4461	4460	4506	4506	0.125	0.125
4505	4460	4506	4506	0.125	0.125
4471	4472	4408	4407	0.166667	0.166667
4476	4473	4413	4413	0.125	0.125
4471	4474	4516	4516	0.125	0.125
4476	4475	4521	4521	0.125	0.125
4516	4517	4471	4471	0.125	0.125
4521	4518	4476	4476	0.125	0.125
4516	4519	4561	4561	0.125	0.125
4521	4520	4566	4566	0.125	0.125
4561	4562	4516	4516	0.125	0.125
4566	4563	4521	4521	0.125	0.125
4561	4564	4606	4606	0.125	0.125
4566	4565	4611	4612	0.166667	0.166667
4606	4607	4561	4561	0.125	0.125
4655	4609	4654	4654	0.125	0.125
4606	4609	4654	4654	0.125	0.125
4655	4610	4658	4656	0.166667	0.166667
4566	4611	4563	4565	0.166667	0.166667
4566	4612	4567	4567	0.125	0.125
4615	4612	4567	4567	0.125	0.125
4615	4614	4660	4660	0.125	0.125
4655	4656	4610	4609	0.166667	0.166667
4660	4657	4615	4615	0.125	0.125
4655	4658	4700	4700	0.125	0.125
4660	4659	4705	4705	0.125	0.125
4700	4701	4655	4655	0.125	0.125
4705	4702	4660	4660	0.125	0.125
4700	4703	4745	4745	0.125	0.125
4705	4704	4750	4750	0.125	0.125
4745	4746	4700	4700	0.125	0.125
4750	4747	4705	4705	0.125	0.125
4745	4748	4790	4790	0.125	0.125
4750	4749	4795	4795	0.125	0.125
4790	4791	4745	4745	0.125	0.125
4795	4792	4750	4750	0.125	0.125
4790	4793	4835	4835	0.125	0.125
4795	4794	4840	4840	0.125	0.125
4835	4836	4790	4790	0.125	0.125
4840	4837	4795	4795	0.125	0.125
4835	4838	4880	4880	0.125	0.125
4840	4839	4885	4885	0.125	0.125
4880	4881	4835	4835	0.125	0.125
4885	4882	4840	4840	0.125	0.125
4880	4883	4931	4931	0.125	0.125
4885	4884	4936	4937	0.166667	0.166667
4841	4886	4840	4840	0.125	0.125
4885	4886	4840	4840	0.125	0.125
4841	4887	4842	4842	0.125	0.125
4885	4888	4936	4937	0.166667	0.166667
4842	4890	4841	4841	0.125	0.125
4931	4932	4880	4880	0.125	0.125
4986	4934	4985	4985	0.125	0.125
4931	4934	4985	4985	0.125	0.125
4986	4935	4987	4987	0.125	0.125
4885	4936	4882	4884	0.166667	0.166667
4885	4937	4888	4886	0.166667	0.166667
4987	4938	4986	4986	0.125	0.125
4987	4939	4988	4988	0.125	0.125
4988	4942	4987	4987	0.125	0.125
4988	4943	4989	4989	0.125	0.125
4989	4946	4988	4988	0.125	0.125
