  1 64     106.98500000       0.00100000     105.98500000  riv
  1 64     106.98500000       0.00100000     105.98500000  riv
  1 64     106.98500000       0.00100000     105.98500000  riv
  1 66     106.98500000       0.00100000     105.98500000  riv
  1 66     106.98500000       0.00100000     105.98500000  riv
  1 66     107.74200000       0.00100000     106.74200000  riv
  1 150     107.74200000       0.00100000     106.74200000  riv
  1 150     107.74200000       0.00100000     106.74200000  riv
  1 150     107.74200000       0.00100000     106.74200000  riv
  1 150     107.74200000       0.00100000     106.74200000  riv
  1 152     107.74200000       0.00100000     106.74200000  riv
  1 151     107.74200000       0.00100000     106.74200000  riv
  1 152     107.74200000       0.00100000     106.74200000  riv
  1 151     107.74200000       0.00100000     106.74200000  riv
  1 235     107.74200000       0.00100000     106.74200000  riv
  1 235     106.74600000       0.00100000     105.74600000  riv
  1 235     106.74600000       0.00100000     105.74600000  riv
  1 235     106.74600000       0.00100000     105.74600000  riv
  1 237     106.74600000       0.00100000     105.74600000  riv
  1 237     106.74600000       0.00100000     105.74600000  riv
  1 237     106.74600000       0.00100000     105.74600000  riv
  1 321     106.74600000       0.00100000     105.74600000  riv
  1 321     106.74000000       0.00100000     105.74000000  riv
  1 321     106.74000000       0.00100000     105.74000000  riv
  1 321     106.74000000       0.00100000     105.74000000  riv
  1 323     106.74000000       0.00100000     105.74000000  riv
  1 323     106.74000000       0.00100000     105.74000000  riv
  1 323     106.74000000       0.00100000     105.74000000  riv
  1 324     106.74000000       0.00100000     105.74000000  riv
  1 408     106.74000000       0.00100000     105.74000000  riv
  1 408     106.76400000       0.00100000     105.76400000  riv
  1 408     106.76400000       0.00100000     105.76400000  riv
  1 408     106.76400000       0.00100000     105.76400000  riv
  1 410     106.76400000       0.00100000     105.76400000  riv
  1 410     106.76400000       0.00100000     105.76400000  riv
  1 410     106.63600000       0.00100000     105.63600000  riv
  1 413     106.63600000       0.00100000     105.63600000  riv
  1 413     106.63600000       0.00100000     105.63600000  riv
  1 497     106.63600000       0.00100000     105.63600000  riv
  1 497     106.63600000       0.00100000     105.63600000  riv
  1 497     106.63600000       0.00100000     105.63600000  riv
  1 497     106.56900000       0.00100000     105.56900000  riv
  1 499     106.56900000       0.00100000     105.56900000  riv
  1 499     106.56900000       0.00100000     105.56900000  riv
  1 499     106.56900000       0.00100000     105.56900000  riv
  1 583     106.56900000       0.00100000     105.56900000  riv
  1 583     106.56900000       0.00100000     105.56900000  riv
  1 583     106.53300000       0.00100000     105.53300000  riv
  1 583     106.53300000       0.00100000     105.53300000  riv
  1 585     106.53300000       0.00100000     105.53300000  riv
  1 585     106.53300000       0.00100000     105.53300000  riv
  1 585     106.53300000       0.00100000     105.53300000  riv
  1 669     106.53300000       0.00100000     105.53300000  riv
  1 669     106.53300000       0.00100000     105.53300000  riv
  1 669     106.43700000       0.00100000     105.43700000  riv
  1 669     106.43700000       0.00100000     105.43700000  riv
  1 671     106.43700000       0.00100000     105.43700000  riv
  1 671     106.43700000       0.00100000     105.43700000  riv
  1 671     106.43700000       0.00100000     105.43700000  riv
  1 755     106.43700000       0.00100000     105.43700000  riv
  1 755     106.30000000       0.00100000     105.30000000  riv
  1 755     106.30000000       0.00100000     105.30000000  riv
  1 755     106.30000000       0.00100000     105.30000000  riv
  1 757     106.30000000       0.00100000     105.30000000  riv
  1 757     106.30000000       0.00100000     105.30000000  riv
  1 757     106.31300000       0.00100000     105.31300000  riv
  1 758     106.31300000       0.00100000     105.31300000  riv
  1 758     106.31300000       0.00100000     105.31300000  riv
  1 842     106.31300000       0.00100000     105.31300000  riv
  1 842     106.31300000       0.00100000     105.31300000  riv
  1 842     106.31300000       0.00100000     105.31300000  riv
  1 842     106.31300000       0.00100000     105.31300000  riv
  1 844     106.31300000       0.00100000     105.31300000  riv
  1 844     106.31300000       0.00100000     105.31300000  riv
  1 844     106.09900000       0.00100000     105.09900000  riv
  1 847     106.09900000       0.00100000     105.09900000  riv
  1 931     106.09900000       0.00100000     105.09900000  riv
  1 931     106.09900000       0.00100000     105.09900000  riv
  1 931     106.09900000       0.00100000     105.09900000  riv
  1 931     106.09900000       0.00100000     105.09900000  riv
  1 933     106.09900000       0.00100000     105.09900000  riv
  1 933     106.09900000       0.00100000     105.09900000  riv
  1 933     106.09900000       0.00100000     105.09900000  riv
  1 934     106.09900000       0.00100000     105.09900000  riv
  1 934     105.99200000       0.00100000     104.99200000  riv
  1 1018     105.99200000       0.00100000     104.99200000  riv
  1 1018     105.99200000       0.00100000     104.99200000  riv
  1 1018     105.99200000       0.00100000     104.99200000  riv
  1 1018     105.99200000       0.00100000     104.99200000  riv
  1 1021     105.99200000       0.00100000     104.99200000  riv
  1 1021     106.03300000       0.00100000     105.03300000  riv
  1 1021     106.03300000       0.00100000     105.03300000  riv
  1 1023     106.03300000       0.00100000     105.03300000  riv
  1 1024     106.03300000       0.00100000     105.03300000  riv
  1 1024     106.03300000       0.00100000     105.03300000  riv
  1 1024     106.03300000       0.00100000     105.03300000  riv
  1 1024     106.04400000       0.00100000     105.04400000  riv
  1 1027     106.04400000       0.00100000     105.04400000  riv
  1 1027     106.04400000       0.00100000     105.04400000  riv
  1 1027     106.04400000       0.00100000     105.04400000  riv
  1 1027     106.04400000       0.00100000     105.04400000  riv
  1 1028     106.04400000       0.00100000     105.04400000  riv
  1 1028     106.00400000       0.00100000     105.00400000  riv
  1 1028     106.00400000       0.00100000     105.00400000  riv
  1 1112     106.00400000       0.00100000     105.00400000  riv
  1 1112     106.00400000       0.00100000     105.00400000  riv
  1 1112     105.94700000       0.00100000     104.94700000  riv
  1 1115     105.94700000       0.00100000     104.94700000  riv
  1 1115     105.94700000       0.00100000     104.94700000  riv
  1 1117     105.94700000       0.00100000     104.94700000  riv
  1 1117     105.94700000       0.00100000     104.94700000  riv
  1 1117     105.94700000       0.00100000     104.94700000  riv
  1 1204     105.94700000       0.00100000     104.94700000  riv
  1 1204     105.84200000       0.00100000     104.84200000  riv
  1 1204     105.84200000       0.00100000     104.84200000  riv
  1 1204     105.84200000       0.00100000     104.84200000  riv
  1 1206     105.84200000       0.00100000     104.84200000  riv
  1 1203     105.84200000       0.00100000     104.84200000  riv
  1 1206     105.84200000       0.00100000     104.84200000  riv
  1 1203     105.84200000       0.00100000     104.84200000  riv
  1 1290     105.84200000       0.00100000     104.84200000  riv
  1 1290     105.71500000       0.00100000     104.71500000  riv
  1 1290     105.71500000       0.00100000     104.71500000  riv
  1 1290     105.71500000       0.00100000     104.71500000  riv
  1 1292     105.71500000       0.00100000     104.71500000  riv
  1 1291     105.71500000       0.00100000     104.71500000  riv
  1 1292     105.71500000       0.00100000     104.71500000  riv
  1 1291     105.72700000       0.00100000     104.72700000  riv
  1 1291     105.72700000       0.00100000     104.72700000  riv
  1 1375     105.72700000       0.00100000     104.72700000  riv
  1 1375     105.72700000       0.00100000     104.72700000  riv
  1 1375     105.69000000       0.00100000     104.69000000  riv
  1 1375     105.69000000       0.00100000     104.69000000  riv
  1 1377     105.69000000       0.00100000     104.69000000  riv
  1 1377     105.69000000       0.00100000     104.69000000  riv
  1 1377     105.69000000       0.00100000     104.69000000  riv
  1 1377     105.72300000       0.00100000     104.72300000  riv
  1 1461     105.72300000       0.00100000     104.72300000  riv
  1 1461     105.72300000       0.00100000     104.72300000  riv
  1 1461     105.72300000       0.00100000     104.72300000  riv
  1 1462     105.72300000       0.00100000     104.72300000  riv
  1 1464     105.72300000       0.00100000     104.72300000  riv
  1 1464     105.72300000       0.00100000     104.72300000  riv
  1 1464     105.72300000       0.00100000     104.72300000  riv
  1 1464     105.58700000       0.00100000     104.58700000  riv
  1 1548     105.58700000       0.00100000     104.58700000  riv
  1 1548     105.58700000       0.00100000     104.58700000  riv
  1 1551     105.58700000       0.00100000     104.58700000  riv
  1 1551     105.58700000       0.00100000     104.58700000  riv
  1 1551     105.58700000       0.00100000     104.58700000  riv
  1 1551     105.28800000       0.00100000     104.28800000  riv
  1 1553     105.28800000       0.00100000     104.28800000  riv
  1 1553     105.28800000       0.00100000     104.28800000  riv
  1 1553     105.45100000       0.00100000     104.45100000  riv
  1 1637     105.45100000       0.00100000     104.45100000  riv
  1 1637     105.45100000       0.00100000     104.45100000  riv
  1 1637     105.45100000       0.00100000     104.45100000  riv
  1 1637     105.45100000       0.00100000     104.45100000  riv
  1 1639     105.45100000       0.00100000     104.45100000  riv
  1 1639     105.53400000       0.00100000     104.53400000  riv
  1 1639     105.53400000       0.00100000     104.53400000  riv
  1 1723     105.53400000       0.00100000     104.53400000  riv
  1 1723     105.53400000       0.00100000     104.53400000  riv
  1 1723     105.53400000       0.00100000     104.53400000  riv
  1 1723     105.49900000       0.00100000     104.49900000  riv
  1 1725     105.49900000       0.00100000     104.49900000  riv
  1 1725     105.49900000       0.00100000     104.49900000  riv
  1 1725     105.49900000       0.00100000     104.49900000  riv
  1 1809     105.49900000       0.00100000     104.49900000  riv
  1 1809     105.49900000       0.00100000     104.49900000  riv
  1 1809     105.49900000       0.00100000     104.49900000  riv
  1 1809     105.16200000       0.00100000     104.16200000  riv
  1 1811     105.16200000       0.00100000     104.16200000  riv
  1 1811     105.16200000       0.00100000     104.16200000  riv
  1 1811     105.16200000       0.00100000     104.16200000  riv
  1 1811     105.16200000       0.00100000     104.16200000  riv
  1 1895     105.16200000       0.00100000     104.16200000  riv
  1 1895     105.26400000       0.00100000     104.26400000  riv
  1 1895     105.26400000       0.00100000     104.26400000  riv
  1 1896     105.26400000       0.00100000     104.26400000  riv
  1 1898     105.26400000       0.00100000     104.26400000  riv
  1 1898     105.26400000       0.00100000     104.26400000  riv
  1 1898     105.26400000       0.00100000     104.26400000  riv
  1 1898     104.96600000       0.00100000     103.96600000  riv
  1 1901     104.96600000       0.00100000     103.96600000  riv
  1 1901     104.96600000       0.00100000     103.96600000  riv
  1 1901     104.96600000       0.00100000     103.96600000  riv
  1 1985     104.96600000       0.00100000     103.96600000  riv
  1 1985     104.96600000       0.00100000     103.96600000  riv
  1 1986     104.96600000       0.00100000     103.96600000  riv
  1 1986     104.96600000       0.00100000     103.96600000  riv
  1 1986     105.10000000       0.00100000     104.10000000  riv
  1 1988     105.10000000       0.00100000     104.10000000  riv
  1 1988     105.10000000       0.00100000     104.10000000  riv
  1 1988     105.10000000       0.00100000     104.10000000  riv
  1 1991     105.10000000       0.00100000     104.10000000  riv
  1 1991     105.10000000       0.00100000     104.10000000  riv
  1 2075     105.10000000       0.00100000     104.10000000  riv
  1 2075     105.11300000       0.00100000     104.11300000  riv
  1 2075     105.11300000       0.00100000     104.11300000  riv
  1 2075     105.11300000       0.00100000     104.11300000  riv
  1 2077     105.11300000       0.00100000     104.11300000  riv
  1 2077     105.11300000       0.00100000     104.11300000  riv
  1 2077     105.08500000       0.00100000     104.08500000  riv
  1 2161     105.08500000       0.00100000     104.08500000  riv
  1 2161     105.08500000       0.00100000     104.08500000  riv
  1 2161     105.08500000       0.00100000     104.08500000  riv
  1 2161     105.08500000       0.00100000     104.08500000  riv
  1 2163     105.08500000       0.00100000     104.08500000  riv
  1 2163     105.05900000       0.00100000     104.05900000  riv
  1 2163     105.05900000       0.00100000     104.05900000  riv
  1 2163     105.05900000       0.00100000     104.05900000  riv
  1 2295     105.05900000       0.00100000     104.05900000  riv
  1 2295     105.05900000       0.00100000     104.05900000  riv
  1 2292     105.16200000       0.00100000     104.16200000  riv
  1 2294     105.16200000       0.00100000     104.16200000  riv
  1 2295     105.16200000       0.00100000     104.16200000  riv
  1 2294     105.16200000       0.00100000     104.16200000  riv
  1 2294     105.16200000       0.00100000     104.16200000  riv
  1 2294     105.16200000       0.00100000     104.16200000  riv
  1 2293     104.96400000       0.00100000     103.96400000  riv
  1 2294     104.96400000       0.00100000     103.96400000  riv
  1 2443     104.96400000       0.00100000     103.96400000  riv
  1 2443     104.96400000       0.00100000     103.96400000  riv
  1 2443     104.96400000       0.00100000     103.96400000  riv
  1 2443     104.87600000       0.00100000     103.87600000  riv
  1 2442     104.87600000       0.00100000     103.87600000  riv
  1 2443     104.87600000       0.00100000     103.87600000  riv
  1 2445     104.87600000       0.00100000     103.87600000  riv
  1 2442     104.81700000       0.00100000     103.81700000  riv
  1 2442     104.81700000       0.00100000     103.81700000  riv
  1 2445     104.81700000       0.00100000     103.81700000  riv
  1 2445     105.10800000       0.00100000     104.10800000  riv
  1 2613     105.10800000       0.00100000     104.10800000  riv
  1 2613     105.10800000       0.00100000     104.10800000  riv
  1 2613     105.10800000       0.00100000     104.10800000  riv
  1 2614     105.10800000       0.00100000     104.10800000  riv
  1 2614     105.02800000       0.00100000     104.02800000  riv
  1 2614     105.02800000       0.00100000     104.02800000  riv
  1 2617     105.02800000       0.00100000     104.02800000  riv
  1 2617     105.02800000       0.00100000     104.02800000  riv
  1 2617     105.02800000       0.00100000     104.02800000  riv
  1 2617     104.86900000       0.00100000     103.86900000  riv
  1 2618     104.86900000       0.00100000     103.86900000  riv
  1 2618     104.86900000       0.00100000     103.86900000  riv
  1 2618     104.86900000       0.00100000     103.86900000  riv
  1 2621     104.86900000       0.00100000     103.86900000  riv
  1 2621     104.82900000       0.00100000     103.82900000  riv
  1 2621     104.82900000       0.00100000     103.82900000  riv
  1 2621     104.82900000       0.00100000     103.82900000  riv
  1 2622     104.82900000       0.00100000     103.82900000  riv
  1 2622     104.93800000       0.00100000     103.93800000  riv
  1 2622     104.93800000       0.00100000     103.93800000  riv
  1 2625     104.93800000       0.00100000     103.93800000  riv
  1 2625     104.93800000       0.00100000     103.93800000  riv
  1 2457     104.91700000       0.00100000     103.91700000  riv
  1 2625     104.91700000       0.00100000     103.91700000  riv
  1 2457     104.91700000       0.00100000     103.91700000  riv
  1 2458     104.91700000       0.00100000     103.91700000  riv
  1 2458     104.91700000       0.00100000     103.91700000  riv
  1 2458     104.91700000       0.00100000     103.91700000  riv
  1 2458     104.90600000       0.00100000     103.90600000  riv
  1 2461     104.90600000       0.00100000     103.90600000  riv
  1 2461     104.90600000       0.00100000     103.90600000  riv
  1 2461     104.90600000       0.00100000     103.90600000  riv
  1 2462     104.90600000       0.00100000     103.90600000  riv
  1 2462     104.90600000       0.00100000     103.90600000  riv
  1 2462     104.87700000       0.00100000     103.87700000  riv
  1 2462     104.87700000       0.00100000     103.87700000  riv
  1 2465     104.87700000       0.00100000     103.87700000  riv
  1 2465     104.87700000       0.00100000     103.87700000  riv
  1 2633     104.87700000       0.00100000     103.87700000  riv
  1 2633     104.87700000       0.00100000     103.87700000  riv
  1 2634     104.87700000       0.00100000     103.87700000  riv
  1 2634     104.87700000       0.00100000     103.87700000  riv
  1 2634     104.81900000       0.00100000     103.81900000  riv
  1 2634     104.81900000       0.00100000     103.81900000  riv
  1 2637     104.81900000       0.00100000     103.81900000  riv
  1 2637     104.81900000       0.00100000     103.81900000  riv
  1 2637     104.81900000       0.00100000     103.81900000  riv
  1 2639     104.81900000       0.00100000     103.81900000  riv
  1 2639     104.73100000       0.00100000     103.73100000  riv
  1 2640     104.73100000       0.00100000     103.73100000  riv
  1 2640     104.73100000       0.00100000     103.73100000  riv
  1 2640     104.73100000       0.00100000     103.73100000  riv
  1 2640     104.73100000       0.00100000     103.73100000  riv
  1 2808     104.73100000       0.00100000     103.73100000  riv
  1 2811     104.73100000       0.00100000     103.73100000  riv
  1 2811     104.73100000       0.00100000     103.73100000  riv
  1 2811     104.73100000       0.00100000     103.73100000  riv
  1 2811     104.73100000       0.00100000     103.73100000  riv
  1 2812     104.73100000       0.00100000     103.73100000  riv
  1 2812     104.97500000       0.00100000     103.97500000  riv
  1 2814     104.97500000       0.00100000     103.97500000  riv
  1 2814     104.97500000       0.00100000     103.97500000  riv
  1 2814     104.97500000       0.00100000     103.97500000  riv
  1 2817     104.97500000       0.00100000     103.97500000  riv
  1 2817     104.97500000       0.00100000     103.97500000  riv
  1 2817     104.97500000       0.00100000     103.97500000  riv
  1 2991     104.97500000       0.00100000     103.97500000  riv
  1 2991     104.97500000       0.00100000     103.97500000  riv
  1 2991     104.97500000       0.00100000     103.97500000  riv
  1 2992     104.97500000       0.00100000     103.97500000  riv
  1 2992     104.90900000       0.00100000     103.90900000  riv
  1 2992     104.90900000       0.00100000     103.90900000  riv
  1 2994     104.90900000       0.00100000     103.90900000  riv
  1 2994     104.90900000       0.00100000     103.90900000  riv
  1 2997     104.90900000       0.00100000     103.90900000  riv
  1 2997     104.90900000       0.00100000     103.90900000  riv
  1 2997     104.90900000       0.00100000     103.90900000  riv
  1 3177     104.90900000       0.00100000     103.90900000  riv
  1 3177     104.90900000       0.00100000     103.90900000  riv
  1 3177     104.99200000       0.00100000     103.99200000  riv
  1 3178     104.99200000       0.00100000     103.99200000  riv
  1 3178     104.99200000       0.00100000     103.99200000  riv
  1 3180     104.99200000       0.00100000     103.99200000  riv
  1 3180     104.99200000       0.00100000     103.99200000  riv
  1 3180     104.99200000       0.00100000     103.99200000  riv
  1 3180     105.09500000       0.00100000     104.09500000  riv
  1 3366     105.09500000       0.00100000     104.09500000  riv
  1 3366     105.09500000       0.00100000     104.09500000  riv
  1 3366     105.09500000       0.00100000     104.09500000  riv
  1 3369     105.09500000       0.00100000     104.09500000  riv
  1 3369     105.09500000       0.00100000     104.09500000  riv
  1 3371     105.09500000       0.00100000     104.09500000  riv
  1 3371     105.09500000       0.00100000     104.09500000  riv
  1 3371     104.84900000       0.00100000     103.84900000  riv
  1 3563     104.84900000       0.00100000     103.84900000  riv
  1 3563     104.84900000       0.00100000     103.84900000  riv
  1 3563     104.84900000       0.00100000     103.84900000  riv
  1 3563     104.84900000       0.00100000     103.84900000  riv
  1 3565     104.84900000       0.00100000     103.84900000  riv
  1 3565     104.84900000       0.00100000     103.84900000  riv
  1 3565     104.89300000       0.00100000     103.89300000  riv
  1 3565     104.89300000       0.00100000     103.89300000  riv
  1 3820     104.89300000       0.00100000     103.89300000  riv
  1 3823     104.89300000       0.00100000     103.89300000  riv
  1 3820     104.89300000       0.00100000     103.89300000  riv
  1 3820     104.89300000       0.00100000     103.89300000  riv
  1 3822     104.89300000       0.00100000     103.89300000  riv
  1 3822     104.89300000       0.00100000     103.89300000  riv
  1 3822     104.71700000       0.00100000     103.71700000  riv
  1 3822     104.71700000       0.00100000     103.71700000  riv
  1 4140     104.71700000       0.00100000     103.71700000  riv
  1 4139     104.71700000       0.00100000     103.71700000  riv
  1 4140     104.71700000       0.00100000     103.71700000  riv
  1 4139     104.71700000       0.00100000     103.71700000  riv
  1 4139     104.71700000       0.00100000     103.71700000  riv
  1 4141     104.71700000       0.00100000     103.71700000  riv
  1 4141     102.85100000       0.00100000     101.85100000  riv
  1 4138     102.85100000       0.00100000     101.85100000  riv
  1 4141     102.85100000       0.00100000     101.85100000  riv
  1 4138     102.85100000       0.00100000     101.85100000  riv
  1 4483     102.85100000       0.00100000     101.85100000  riv
  1 4483     102.85100000       0.00100000     101.85100000  riv
  1 4483     102.85100000       0.00100000     101.85100000  riv
  1 4482     102.85100000       0.00100000     101.85100000  riv
  1 4483     102.85100000       0.00100000     101.85100000  riv
  1 4482     102.85400000       0.00100000     101.85400000  riv
  1 4484     102.85400000       0.00100000     101.85400000  riv
  1 4484     102.85400000       0.00100000     101.85400000  riv
  1 4484     102.85400000       0.00100000     101.85400000  riv
  1 4484     102.85400000       0.00100000     101.85400000  riv
  1 4853     102.85400000       0.00100000     101.85400000  riv
  1 4856     102.85400000       0.00100000     101.85400000  riv
  1 4853     102.73700000       0.00100000     101.73700000  riv
  1 4853     102.73700000       0.00100000     101.73700000  riv
  1 4853     102.73700000       0.00100000     101.73700000  riv
  1 4855     102.73700000       0.00100000     101.73700000  riv
  1 4855     102.73700000       0.00100000     101.73700000  riv
  1 4855     102.73700000       0.00100000     101.73700000  riv
  1 5260     102.73700000       0.00100000     101.73700000  riv
  1 5260     102.73700000       0.00100000     101.73700000  riv
  1 5259     102.66300000       0.00100000     101.66300000  riv
  1 5260     102.66300000       0.00100000     101.66300000  riv
  1 5259     102.66300000       0.00100000     101.66300000  riv
  1 5261     102.66300000       0.00100000     101.66300000  riv
  1 5261     102.66300000       0.00100000     101.66300000  riv
  1 5261     102.66300000       0.00100000     101.66300000  riv
  1 5261     102.66300000       0.00100000     101.66300000  riv
  1 5681     102.66300000       0.00100000     101.66300000  riv
  1 5681     102.66300000       0.00100000     101.66300000  riv
  1 5681     102.59800000       0.00100000     101.59800000  riv
  1 5683     102.59800000       0.00100000     101.59800000  riv
  1 5683     102.59800000       0.00100000     101.59800000  riv
  1 5683     102.59800000       0.00100000     101.59800000  riv
  1 5683     102.59800000       0.00100000     101.59800000  riv
  1 6112     102.59800000       0.00100000     101.59800000  riv
  1 6112     102.59800000       0.00100000     101.59800000  riv
  1 6112     102.50100000       0.00100000     101.50100000  riv
  1 6114     102.50100000       0.00100000     101.50100000  riv
  1 6114     102.50100000       0.00100000     101.50100000  riv
  1 6114     102.50100000       0.00100000     101.50100000  riv
  1 6114     102.50100000       0.00100000     101.50100000  riv
  1 6576     102.50100000       0.00100000     101.50100000  riv
  1 6576     102.58300000       0.00100000     101.58300000  riv
  1 6576     102.58300000       0.00100000     101.58300000  riv
  1 6578     102.58300000       0.00100000     101.58300000  riv
  1 6578     102.58300000       0.00100000     101.58300000  riv
  1 6578     102.50700000       0.00100000     101.50700000  riv
  1 6578     102.50700000       0.00100000     101.50700000  riv
  1 7079     102.50700000       0.00100000     101.50700000  riv
  1 7079     102.50700000       0.00100000     101.50700000  riv
  1 7076     102.50700000       0.00100000     101.50700000  riv
  1 7078     102.50700000       0.00100000     101.50700000  riv
  1 7079     102.50700000       0.00100000     101.50700000  riv
  1 7078     102.50700000       0.00100000     101.50700000  riv
  1 7078     102.38000000       0.00100000     101.38000000  riv
  1 7078     102.38000000       0.00100000     101.38000000  riv
  1 7597     102.38000000       0.00100000     101.38000000  riv
  1 7597     102.38000000       0.00100000     101.38000000  riv
  1 7597     102.38000000       0.00100000     101.38000000  riv
  1 7596     102.38000000       0.00100000     101.38000000  riv
  1 7597     102.38000000       0.00100000     101.38000000  riv
  1 7598     102.38000000       0.00100000     101.38000000  riv
  1 7598     102.38000000       0.00100000     101.38000000  riv
  1 7598     102.56600000       0.00100000     101.56600000  riv
  1 7598     102.56600000       0.00100000     101.56600000  riv
  1 8132     102.56600000       0.00100000     101.56600000  riv
  1 8132     102.56600000       0.00100000     101.56600000  riv
  1 8132     102.56600000       0.00100000     101.56600000  riv
  1 8134     102.56600000       0.00100000     101.56600000  riv
  1 8134     102.56600000       0.00100000     101.56600000  riv
  1 8131     102.56600000       0.00100000     101.56600000  riv
  1 8134     102.56600000       0.00100000     101.56600000  riv
  1 8131     102.56600000       0.00100000     101.56600000  riv
  1 8668     102.56600000       0.00100000     101.56600000  riv
  1 8668     102.42300000       0.00100000     101.42300000  riv
  1 8668     102.42300000       0.00100000     101.42300000  riv
  1 8668     102.42300000       0.00100000     101.42300000  riv
  1 8670     102.42300000       0.00100000     101.42300000  riv
  1 8670     102.42300000       0.00100000     101.42300000  riv
  1 8670     102.42300000       0.00100000     101.42300000  riv
  1 9207     102.42300000       0.00100000     101.42300000  riv
  1 9206     102.42300000       0.00100000     101.42300000  riv
  1 9207     102.42300000       0.00100000     101.42300000  riv
  1 9206     102.42300000       0.00100000     101.42300000  riv
  1 9206     102.42700000       0.00100000     101.42700000  riv
  1 9208     102.42700000       0.00100000     101.42700000  riv
  1 9208     102.42700000       0.00100000     101.42700000  riv
  1 9208     102.42700000       0.00100000     101.42700000  riv
  1 9208     102.42700000       0.00100000     101.42700000  riv
  1 9733     102.42700000       0.00100000     101.42700000  riv
  1 9733     102.42700000       0.00100000     101.42700000  riv
  1 9733     102.42700000       0.00100000     101.42700000  riv
  1 9735     102.42700000       0.00100000     101.42700000  riv
  1 9735     102.69100000       0.00100000     101.69100000  riv
  1 9735     102.69100000       0.00100000     101.69100000  riv
  1 9735     102.69100000       0.00100000     101.69100000  riv
  1 10257     102.69100000       0.00100000     101.69100000  riv
  1 10260     102.69100000       0.00100000     101.69100000  riv
  1 10257     102.69100000       0.00100000     101.69100000  riv
  1 10257     102.35400000       0.00100000     101.35400000  riv
  1 10259     102.35400000       0.00100000     101.35400000  riv
  1 10259     102.35400000       0.00100000     101.35400000  riv
  1 10259     102.35400000       0.00100000     101.35400000  riv
  1 10259     102.51700000       0.00100000     101.51700000  riv
  1 10772     102.51700000       0.00100000     101.51700000  riv
  1 10772     102.51700000       0.00100000     101.51700000  riv
  1 10771     102.51700000       0.00100000     101.51700000  riv
  1 10772     102.51700000       0.00100000     101.51700000  riv
  1 10771     102.51700000       0.00100000     101.51700000  riv
  1 10773     102.51700000       0.00100000     101.51700000  riv
  1 10773     102.43000000       0.00100000     101.43000000  riv
  1 10773     102.43000000       0.00100000     101.43000000  riv
  1 10773     102.43000000       0.00100000     101.43000000  riv
  1 11277     102.43000000       0.00100000     101.43000000  riv
  1 11277     102.43000000       0.00100000     101.43000000  riv
  1 11277     102.43000000       0.00100000     101.43000000  riv
  1 11279     102.43000000       0.00100000     101.43000000  riv
  1 11279     102.34500000       0.00100000     101.34500000  riv
  1 11279     102.34500000       0.00100000     101.34500000  riv
  1 11279     102.34500000       0.00100000     101.34500000  riv
  1 11777     102.34500000       0.00100000     101.34500000  riv
  1 11777     102.34500000       0.00100000     101.34500000  riv
  1 11774     102.34500000       0.00100000     101.34500000  riv
  1 11776     102.34500000       0.00100000     101.34500000  riv
  1 11777     102.34500000       0.00100000     101.34500000  riv
  1 11776     102.40800000       0.00100000     101.40800000  riv
  1 11776     102.40800000       0.00100000     101.40800000  riv
  1 11776     102.40800000       0.00100000     101.40800000  riv
  1 12259     102.40800000       0.00100000     101.40800000  riv
  1 12259     102.40800000       0.00100000     101.40800000  riv
  1 12259     102.40800000       0.00100000     101.40800000  riv
  1 12261     102.40800000       0.00100000     101.40800000  riv
  1 12261     102.28300000       0.00100000     101.28300000  riv
  1 12261     102.28300000       0.00100000     101.28300000  riv
  1 12261     102.28300000       0.00100000     101.28300000  riv
  1 12723     102.28300000       0.00100000     101.28300000  riv
  1 12723     102.28300000       0.00100000     101.28300000  riv
  1 12723     102.28300000       0.00100000     101.28300000  riv
  1 12726     102.28300000       0.00100000     101.28300000  riv
  1 12728     102.28300000       0.00100000     101.28300000  riv
  1 12728     102.15700000       0.00100000     101.15700000  riv
  1 12728     102.15700000       0.00100000     101.15700000  riv
  1 12728     102.15700000       0.00100000     101.15700000  riv
  1 13175     102.15700000       0.00100000     101.15700000  riv
  1 13175     102.15700000       0.00100000     101.15700000  riv
  1 13175     102.21000000       0.00100000     101.21000000  riv
  1 13177     102.21000000       0.00100000     101.21000000  riv
  1 13177     102.21000000       0.00100000     101.21000000  riv
  1 13177     102.21000000       0.00100000     101.21000000  riv
  1 13177     102.21000000       0.00100000     101.21000000  riv
  1 13612     102.21000000       0.00100000     101.21000000  riv
  1 13612     102.26300000       0.00100000     101.26300000  riv
  1 13612     102.26300000       0.00100000     101.26300000  riv
  1 13614     102.26300000       0.00100000     101.26300000  riv
  1 13614     102.26300000       0.00100000     101.26300000  riv
  1 13614     102.32500000       0.00100000     101.32500000  riv
  1 13611     102.32500000       0.00100000     101.32500000  riv
  1 13614     102.32500000       0.00100000     101.32500000  riv
  1 13611     102.41600000       0.00100000     101.41600000  riv
  1 14028     102.41600000       0.00100000     101.41600000  riv
  1 14028     102.41600000       0.00100000     101.41600000  riv
  1 14027     102.31800000       0.00100000     101.31800000  riv
  1 14028     102.31800000       0.00100000     101.31800000  riv
  1 14027     102.31800000       0.00100000     101.31800000  riv
  1 14029     102.31800000       0.00100000     101.31800000  riv
  1 14029     102.31800000       0.00100000     101.31800000  riv
  1 14029     102.19100000       0.00100000     101.19100000  riv
  1 14029     102.19100000       0.00100000     101.19100000  riv
  1 14422     102.19100000       0.00100000     101.19100000  riv
  1 14422     102.19100000       0.00100000     101.19100000  riv
  1 14422     102.19100000       0.00100000     101.19100000  riv
  1 14424     102.19100000       0.00100000     101.19100000  riv
  1 14424     102.19100000       0.00100000     101.19100000  riv
  1 14424     102.25500000       0.00100000     101.25500000  riv
  1 14424     102.25500000       0.00100000     101.25500000  riv
  1 14799     102.25500000       0.00100000     101.25500000  riv
  1 14799     102.25500000       0.00100000     101.25500000  riv
  1 14799     102.25500000       0.00100000     101.25500000  riv
  1 14801     102.25500000       0.00100000     101.25500000  riv
  1 14798     102.25500000       0.00100000     101.25500000  riv
  1 14801     102.25500000       0.00100000     101.25500000  riv
  1 14798     102.21900000       0.00100000     101.21900000  riv
  1 14798     102.21900000       0.00100000     101.21900000  riv
  1 15137     102.21900000       0.00100000     101.21900000  riv
  1 15137     102.21900000       0.00100000     101.21900000  riv
  1 15137     100.72100000       0.00100000      99.72100000  riv
  1 15140     100.72100000       0.00100000      99.72100000  riv
  1 15142     100.72100000       0.00100000      99.72100000  riv
  1 15142     100.72100000       0.00100000      99.72100000  riv
  1 15139     100.58300000       0.00100000      99.58300000  riv
  1 15142     100.58300000       0.00100000      99.58300000  riv
  1 15139     100.58300000       0.00100000      99.58300000  riv
  1 15418     100.58300000       0.00100000      99.58300000  riv
  1 15418     100.58300000       0.00100000      99.58300000  riv
  1 15421     100.58300000       0.00100000      99.58300000  riv
  1 15421     100.58300000       0.00100000      99.58300000  riv
  1 15423     100.58300000       0.00100000      99.58300000  riv
  1 15423     100.46700000       0.00100000      99.46700000  riv
  1 15423     100.46700000       0.00100000      99.46700000  riv
  1 15423     100.46700000       0.00100000      99.46700000  riv
  1 15630     100.46700000       0.00100000      99.46700000  riv
  1 15630     100.46700000       0.00100000      99.46700000  riv
  1 15630     100.38900000       0.00100000      99.38900000  riv
  1 15632     100.38900000       0.00100000      99.38900000  riv
  1 15632     100.38900000       0.00100000      99.38900000  riv
  1 15632     100.38900000       0.00100000      99.38900000  riv
  1 15632     100.37200000       0.00100000      99.37200000  riv
  1 15809     100.37200000       0.00100000      99.37200000  riv
  1 15809     100.37200000       0.00100000      99.37200000  riv
  1 15809     100.37200000       0.00100000      99.37200000  riv
  1 15811     100.37200000       0.00100000      99.37200000  riv
  1 15811     100.37200000       0.00100000      99.37200000  riv
  1 15811     100.32600000       0.00100000      99.32600000  riv
  1 15811     100.32600000       0.00100000      99.32600000  riv
  1 15979     100.32600000       0.00100000      99.32600000  riv
  1 15979     100.32600000       0.00100000      99.32600000  riv
  1 15979     100.32600000       0.00100000      99.32600000  riv
  1 15980     100.32600000       0.00100000      99.32600000  riv
  1 15980     100.28900000       0.00100000      99.28900000  riv
  1 15982     100.28900000       0.00100000      99.28900000  riv
  1 15982     100.28900000       0.00100000      99.28900000  riv
  1 15982     100.28900000       0.00100000      99.28900000  riv
  1 15982     100.28900000       0.00100000      99.28900000  riv
  1 16135     100.28900000       0.00100000      99.28900000  riv
  1 16138     100.28900000       0.00100000      99.28900000  riv
  1 16138     100.32200000       0.00100000      99.32200000  riv
  1 16138     100.32200000       0.00100000      99.32200000  riv
  1 16138     100.32200000       0.00100000      99.32200000  riv
  1 16140     100.32200000       0.00100000      99.32200000  riv
  1 16140     100.32200000       0.00100000      99.32200000  riv
  1 16140     100.24400000       0.00100000      99.24400000  riv
  1 16141     100.24400000       0.00100000      99.24400000  riv
  1 16141     100.24400000       0.00100000      99.24400000  riv
  1 16288     100.24400000       0.00100000      99.24400000  riv
  1 16288     100.24400000       0.00100000      99.24400000  riv
  1 16288     100.19700000       0.00100000      99.19700000  riv
  1 16290     100.19700000       0.00100000      99.19700000  riv
  1 16290     100.19700000       0.00100000      99.19700000  riv
  1 16290     100.19700000       0.00100000      99.19700000  riv
  1 16290     100.19700000       0.00100000      99.19700000  riv
  1 16428     100.19700000       0.00100000      99.19700000  riv
  1 16428     100.19700000       0.00100000      99.19700000  riv
  1 16428     100.19700000       0.00100000      99.19700000  riv
  1 16428     100.08400000       0.00100000      99.08400000  riv
  1 16430     100.08400000       0.00100000      99.08400000  riv
  1 16430     100.08400000       0.00100000      99.08400000  riv
  1 16433     100.08400000       0.00100000      99.08400000  riv
  1 16433     100.08400000       0.00100000      99.08400000  riv
  1 16565     100.08400000       0.00100000      99.08400000  riv
  1 16565     100.08400000       0.00100000      99.08400000  riv
  1 16565     100.08400000       0.00100000      99.08400000  riv
  1 16565     100.08400000       0.00100000      99.08400000  riv
  1 16567     100.08400000       0.00100000      99.08400000  riv
  1 16567     100.08400000       0.00100000      99.08400000  riv
  1 16567     100.08400000       0.00100000      99.08400000  riv
  1 16687     100.08400000       0.00100000      99.08400000  riv
  1 16687     100.12000000       0.00100000      99.12000000  riv
  1 16687     100.12000000       0.00100000      99.12000000  riv
  1 16687     100.12000000       0.00100000      99.12000000  riv
  1 16688     100.12000000       0.00100000      99.12000000  riv
  1 16690     100.12000000       0.00100000      99.12000000  riv
  1 16690     100.12000000       0.00100000      99.12000000  riv
  1 16690     100.12000000       0.00100000      99.12000000  riv
  1 16690     100.12000000       0.00100000      99.12000000  riv
  1 16789     100.12000000       0.00100000      99.12000000  riv
  1 16789     100.12000000       0.00100000      99.12000000  riv
  1 16789     100.02700000       0.00100000      99.02700000  riv
  1 16791     100.02700000       0.00100000      99.02700000  riv
  1 16791     100.02700000       0.00100000      99.02700000  riv
  1 16791     100.02700000       0.00100000      99.02700000  riv
  1 16791     100.02700000       0.00100000      99.02700000  riv
  1 16875     100.02700000       0.00100000      99.02700000  riv
  1 16875     100.02700000       0.00100000      99.02700000  riv
  1 16875     100.02700000       0.00100000      99.02700000  riv
  1 16878     100.02700000       0.00100000      99.02700000  riv
  1 16880     100.02700000       0.00100000      99.02700000  riv
  1 16880     100.02700000       0.00100000      99.02700000  riv
  1 16880     100.02700000       0.00100000      99.02700000  riv
  1 16880     100.05200000       0.00100000      99.05200000  riv
  1 16964     100.05200000       0.00100000      99.05200000  riv
  1 16964     100.05200000       0.00100000      99.05200000  riv
  1 16964     100.05200000       0.00100000      99.05200000  riv
  1 16964     100.05200000       0.00100000      99.05200000  riv
  1 16966     100.05200000       0.00100000      99.05200000  riv
  1 16966     100.05200000       0.00100000      99.05200000  riv
  1 16966     100.05200000       0.00100000      99.05200000  riv
  1 17050     100.05200000       0.00100000      99.05200000  riv
  1 17050      99.96600000       0.00100000      98.96600000  riv
  1 17051      99.96600000       0.00100000      98.96600000  riv
  1 17051      99.96600000       0.00100000      98.96600000  riv
  1 17051      99.96600000       0.00100000      98.96600000  riv
  1 17053      99.96600000       0.00100000      98.96600000  riv
  1 17053      99.96600000       0.00100000      98.96600000  riv
  1 17053      99.96600000       0.00100000      98.96600000  riv
  1 17137      99.96600000       0.00100000      98.96600000  riv
  1 17137      99.96600000       0.00100000      98.96600000  riv
  1 17137      99.96600000       0.00100000      98.96600000  riv
  1 17137      99.92300000       0.00100000      98.92300000  riv
  1 17139      99.92300000       0.00100000      98.92300000  riv
  1 17139      99.92300000       0.00100000      98.92300000  riv
  1 17139      99.92300000       0.00100000      98.92300000  riv
  1 17223      99.92300000       0.00100000      98.92300000  riv
  1 17223      99.92300000       0.00100000      98.92300000  riv
  1 17226      99.92300000       0.00100000      98.92300000  riv
  1 17226      99.92300000       0.00100000      98.92300000  riv
  1 17226      99.92300000       0.00100000      98.92300000  riv
  1 17228      99.92300000       0.00100000      98.92300000  riv
  1 17228      99.92300000       0.00100000      98.92300000  riv
  1 17228      99.88800000       0.00100000      98.88800000  riv
  1 17228      99.88800000       0.00100000      98.88800000  riv
  1 17312      99.88800000       0.00100000      98.88800000  riv
  1 17312      99.88800000       0.00100000      98.88800000  riv
  1 17312      99.88800000       0.00100000      98.88800000  riv
  1 17314      99.88800000       0.00100000      98.88800000  riv
  1 17314      99.88800000       0.00100000      98.88800000  riv
  1 17314      99.88800000       0.00100000      98.88800000  riv
  1 17314      99.88800000       0.00100000      98.88800000  riv
  1 17398      99.88800000       0.00100000      98.88800000  riv
  1 17398      99.81500000       0.00100000      98.81500000  riv
  1 17398      99.81500000       0.00100000      98.81500000  riv
  1 17400      99.81500000       0.00100000      98.81500000  riv
  1 17400      99.81500000       0.00100000      98.81500000  riv
  1 17400      99.81500000       0.00100000      98.81500000  riv
  1 17400      99.81500000       0.00100000      98.81500000  riv
  1 17484      99.81500000       0.00100000      98.81500000  riv
  1 17484      99.81500000       0.00100000      98.81500000  riv
  1 17484      99.81500000       0.00100000      98.81500000  riv
  1 17486      99.81500000       0.00100000      98.81500000  riv
  1 17486      99.81500000       0.00100000      98.81500000  riv
  1 17486      99.81500000       0.00100000      98.81500000  riv
  1 17486      99.81500000       0.00100000      98.81500000  riv
  1 17570      99.81500000       0.00100000      98.81500000  riv
  1 17570      99.79300000       0.00100000      98.79300000  riv
  1 17570      99.79300000       0.00100000      98.79300000  riv
  1 17572      99.79300000       0.00100000      98.79300000  riv
  1 17572      99.79300000       0.00100000      98.79300000  riv
  1 17572      99.79300000       0.00100000      98.79300000  riv
  1 17572      99.79300000       0.00100000      98.79300000  riv
  1 17656      99.79300000       0.00100000      98.79300000  riv
  1 17656      99.79300000       0.00100000      98.79300000  riv
  1 17656      99.79300000       0.00100000      98.79300000  riv
  1 17658      99.79300000       0.00100000      98.79300000  riv
  1 17658      99.79300000       0.00100000      98.79300000  riv
  1 17658      99.79300000       0.00100000      98.79300000  riv
  1 17658      99.73100000       0.00100000      98.73100000  riv
  1 17742      99.73100000       0.00100000      98.73100000  riv
  1 17742      99.73100000       0.00100000      98.73100000  riv
  1 17742      99.73100000       0.00100000      98.73100000  riv
  1 17744      99.73100000       0.00100000      98.73100000  riv
  1 17744      99.73100000       0.00100000      98.73100000  riv
  1 17744      99.73100000       0.00100000      98.73100000  riv
  1 17744      99.73100000       0.00100000      98.73100000  riv
  1 17828      99.73100000       0.00100000      98.73100000  riv
  1 17828      99.73100000       0.00100000      98.73100000  riv
  1 17828      99.62600000       0.00100000      98.62600000  riv
  1 17830      99.62600000       0.00100000      98.62600000  riv
  1 17830      99.62600000       0.00100000      98.62600000  riv
  1 17830      99.62600000       0.00100000      98.62600000  riv
  1 17830      99.62600000       0.00100000      98.62600000  riv
  1 17914      99.62600000       0.00100000      98.62600000  riv
  1 17914      99.62600000       0.00100000      98.62600000  riv
  1 17914      99.62600000       0.00100000      98.62600000  riv
  1 17916      99.62600000       0.00100000      98.62600000  riv
  1 17916      99.62600000       0.00100000      98.62600000  riv
  1 17916      99.58200000       0.00100000      98.58200000  riv
  1 17916      99.58200000       0.00100000      98.58200000  riv
  1 18000      99.58200000       0.00100000      98.58200000  riv
  1 18001      99.58200000       0.00100000      98.58200000  riv
  1 18001      99.58200000       0.00100000      98.58200000  riv
  1 18001      99.58200000       0.00100000      98.58200000  riv
  1 18003      99.58200000       0.00100000      98.58200000  riv
  1 18003      99.58200000       0.00100000      98.58200000  riv
  1 18003      99.58200000       0.00100000      98.58200000  riv
  1 18003      99.58200000       0.00100000      98.58200000  riv
  1 18087      99.58200000       0.00100000      98.58200000  riv
  1 18087      99.58200000       0.00100000      98.58200000  riv
  1 18087      99.62900000       0.00100000      98.62900000  riv
  1 18089      99.62900000       0.00100000      98.62900000  riv
  1 18089      99.62900000       0.00100000      98.62900000  riv
  1 18089      99.62900000       0.00100000      98.62900000  riv
  1 18089      99.62900000       0.00100000      98.62900000  riv
  1 18173      99.62900000       0.00100000      98.62900000  riv
  1 18173      99.62900000       0.00100000      98.62900000  riv
  1 18176      99.62900000       0.00100000      98.62900000  riv
  1 18176      99.62900000       0.00100000      98.62900000  riv
  1 18176      99.62900000       0.00100000      98.62900000  riv
  1 18178      99.62900000       0.00100000      98.62900000  riv
  1 18178      99.62900000       0.00100000      98.62900000  riv
  1 18178      99.55400000       0.00100000      98.55400000  riv
  1 18178      99.55400000       0.00100000      98.55400000  riv
  1 18262      99.55400000       0.00100000      98.55400000  riv
  1 18263      99.55400000       0.00100000      98.55400000  riv
  1 18263      99.55400000       0.00100000      98.55400000  riv
  1 18263      99.55400000       0.00100000      98.55400000  riv
  1 18265      99.55400000       0.00100000      98.55400000  riv
  1 18265      99.55400000       0.00100000      98.55400000  riv
  1 18265     100.05700000       0.00100000      99.05700000  riv
  1 18265     100.05700000       0.00100000      99.05700000  riv
  1 18349     100.05700000       0.00100000      99.05700000  riv
  1 18349     100.05700000       0.00100000      99.05700000  riv
  1 18349     100.05700000       0.00100000      99.05700000  riv
  1 18351     100.05700000       0.00100000      99.05700000  riv
  1 18351      99.49100000       0.00100000      98.49100000  riv
  1 18351      99.49100000       0.00100000      98.49100000  riv
  1 18351      99.49100000       0.00100000      98.49100000  riv
  1 18438      99.49100000       0.00100000      98.49100000  riv
  1 18438      99.49100000       0.00100000      98.49100000  riv
  1 18438      99.56300000       0.00100000      98.56300000  riv
  1 18438      99.56300000       0.00100000      98.56300000  riv
  1 18441      99.56300000       0.00100000      98.56300000  riv
  1 18443      99.56300000       0.00100000      98.56300000  riv
  1 18443      99.56300000       0.00100000      98.56300000  riv
  1 18443      99.37400000       0.00100000      98.37400000  riv
  1 18444      99.37400000       0.00100000      98.37400000  riv
  1 18444      99.37400000       0.00100000      98.37400000  riv
  1 18444      99.37400000       0.00100000      98.37400000  riv
  1 18444      99.37400000       0.00100000      98.37400000  riv
  1 18447      99.37400000       0.00100000      98.37400000  riv
  1 18447      99.37400000       0.00100000      98.37400000  riv
  1 18447      99.37400000       0.00100000      98.37400000  riv
  1 18448      99.37400000       0.00100000      98.37400000  riv
  1 18448      99.37400000       0.00100000      98.37400000  riv
  1 18448      99.37400000       0.00100000      98.37400000  riv
  1 18448      99.37400000       0.00100000      98.37400000  riv
  1 18451      99.37400000       0.00100000      98.37400000  riv
  1 18449      99.47300000       0.00100000      98.47300000  riv
  1 18451      99.47300000       0.00100000      98.47300000  riv
  1 18449      99.47300000       0.00100000      98.47300000  riv
  1 18449      99.47300000       0.00100000      98.47300000  riv
  1 18450      99.47300000       0.00100000      98.47300000  riv
  1 18450      99.47300000       0.00100000      98.47300000  riv
  1 18450      99.47300000       0.00100000      98.47300000  riv
  1 18453      99.47300000       0.00100000      98.47300000  riv
  1 18453      99.39100000       0.00100000      98.39100000  riv
  1 18453      99.39100000       0.00100000      98.39100000  riv
  1 18357      99.39100000       0.00100000      98.39100000  riv
  1 18358      99.39100000       0.00100000      98.39100000  riv
  1 18453      99.39100000       0.00100000      98.39100000  riv
  1 18454      99.39100000       0.00100000      98.39100000  riv
  1 18454      99.39100000       0.00100000      98.39100000  riv
  1 18454      99.39100000       0.00100000      98.39100000  riv
  1 18454     100.69400000       0.00100000      99.69400000  riv
  1 18457     100.69400000       0.00100000      99.69400000  riv
  1 18457     100.69400000       0.00100000      99.69400000  riv
  1 18457     100.69400000       0.00100000      99.69400000  riv
  1 18457     100.69400000       0.00100000      99.69400000  riv
  1 18458     100.69400000       0.00100000      99.69400000  riv
  1 18460     100.69400000       0.00100000      99.69400000  riv
  1 18460     100.69400000       0.00100000      99.69400000  riv
  1 18460     100.69400000       0.00100000      99.69400000  riv
  1 18460     100.69400000       0.00100000      99.69400000  riv
  1 18463     100.69400000       0.00100000      99.69400000  riv
  1 18463     100.69400000       0.00100000      99.69400000  riv
  1 18547     100.69400000       0.00100000      99.69400000  riv
  1 18547     100.69400000       0.00100000      99.69400000  riv
  1 18547      97.37000000       0.00100000      96.37000000  riv
  1 18548      97.37000000       0.00100000      96.37000000  riv
  1 18548      97.37000000       0.00100000      96.37000000  riv
  1 18548      97.37000000       0.00100000      96.37000000  riv
  1 18550      97.37000000       0.00100000      96.37000000  riv
  1 18550      97.37000000       0.00100000      96.37000000  riv
  1 18550      97.37000000       0.00100000      96.37000000  riv
