  1 1     102.05195618     100.00000000  GHB1
  3 1     102.05195618     100.00000000  GHB3
  1 2     102.08637238     100.00000000  GHB1
  3 2     102.08637238     100.00000000  GHB3
  1 3     102.09210968     100.00000000  GHB1
  3 3     102.09210968     100.00000000  GHB3
  1 4     102.09805298     100.00000000  GHB1
  3 4     102.09805298     100.00000000  GHB3
  1 5     102.10420227     100.00000000  GHB1
  3 5     102.10420227     100.00000000  GHB3
  1 6     102.14214325     100.00000000  GHB1
  3 6     102.14214325     100.00000000  GHB3
  1 7     102.14931488     100.00000000  GHB1
  3 7     102.14931488     100.00000000  GHB3
  1 8     102.15666199     100.00000000  GHB1
  3 8     102.15666199     100.00000000  GHB3
  1 9     102.16416931     100.00000000  GHB1
  3 9     102.16416931     100.00000000  GHB3
  1 10     102.17180634     100.00000000  GHB1
  3 10     102.17180634     100.00000000  GHB3
  1 11     102.21466064     100.00000000  GHB1
  3 11     102.21466064     100.00000000  GHB3
  1 12     102.22335815     100.00000000  GHB1
  3 12     102.22335815     100.00000000  GHB3
  1 13     102.23207855     100.00000000  GHB1
  3 13     102.23207855     100.00000000  GHB3
  1 14     102.24071503     100.00000000  GHB1
  3 14     102.24071503     100.00000000  GHB3
  1 15     102.28773499     100.00000000  GHB1
  3 15     102.28773499     100.00000000  GHB3
  1 16     102.29678345     100.00000000  GHB1
  3 16     102.29678345     100.00000000  GHB3
  1 17     102.30524445     100.00000000  GHB1
  3 17     102.30524445     100.00000000  GHB3
  1 18     102.30524445     100.00000000  GHB1
  3 18     102.30524445     100.00000000  GHB3
  1 19     102.35327148     100.00000000  GHB1
  3 19     102.35327148     100.00000000  GHB3
  1 20     102.36064911     100.00000000  GHB1
  3 20     102.36064911     100.00000000  GHB3
  1 21     102.36759949     100.00000000  GHB1
  3 21     102.36759949     100.00000000  GHB3
  1 22     102.37451935     100.00000000  GHB1
  3 22     102.37451935     100.00000000  GHB3
  1 23     102.42051697     100.00000000  GHB1
  3 23     102.42051697     100.00000000  GHB3
  1 24     102.42813110     100.00000000  GHB1
  3 24     102.42813110     100.00000000  GHB3
  1 25     102.43636322     100.00000000  GHB1
  3 25     102.43636322     100.00000000  GHB3
  1 26     102.44525146     100.00000000  GHB1
  3 26     102.44525146     100.00000000  GHB3
  1 27     102.49242401     100.00000000  GHB1
  3 27     102.49242401     100.00000000  GHB3
  1 28     102.50279999     100.00000000  GHB1
  3 28     102.50279999     100.00000000  GHB3
  1 29     102.51383209     100.00000000  GHB1
  3 29     102.51383209     100.00000000  GHB3
  1 30     102.52547455     100.00000000  GHB1
  3 30     102.52547455     100.00000000  GHB3
  1 31     102.57452393     100.00000000  GHB1
  3 31     102.57452393     100.00000000  GHB3
  1 32     102.58747101     100.00000000  GHB1
  3 32     102.58747101     100.00000000  GHB3
  1 33     102.60089874     100.00000000  GHB1
  3 33     102.60089874     100.00000000  GHB3
  1 34     102.61475372     100.00000000  GHB1
  3 34     102.61475372     100.00000000  GHB3
  1 35     102.62895966     100.00000000  GHB1
  3 35     102.62895966     100.00000000  GHB3
  1 36     102.68011475     100.00000000  GHB1
  3 36     102.68011475     100.00000000  GHB3
  1 37     102.69519806     100.00000000  GHB1
  3 37     102.69519806     100.00000000  GHB3
  1 38     102.71045685     100.00000000  GHB1
  3 38     102.71045685     100.00000000  GHB3
  1 39     102.72579956     100.00000000  GHB1
  3 39     102.72579956     100.00000000  GHB3
  1 40     102.77806091     100.00000000  GHB1
  3 40     102.77806091     100.00000000  GHB3
  1 41     102.79393005     100.00000000  GHB1
  3 41     102.79393005     100.00000000  GHB3
  1 42     102.80962372     100.00000000  GHB1
  3 42     102.80962372     100.00000000  GHB3
  1 43     102.82493591     100.00000000  GHB1
  3 43     102.82493591     100.00000000  GHB3
  1 44     102.87834930     100.00000000  GHB1
  3 44     102.87834930     100.00000000  GHB3
  1 45     102.89358521     100.00000000  GHB1
  3 45     102.89358521     100.00000000  GHB3
  1 46     102.90770721     100.00000000  GHB1
  3 46     102.90770721     100.00000000  GHB3
  1 47     102.92005920     100.00000000  GHB1
  3 47     102.92005920     100.00000000  GHB3
  1 48     102.97412872     100.00000000  GHB1
  3 48     102.97412872     100.00000000  GHB3
  1 49     102.98239899     100.00000000  GHB1
  3 49     102.98239899     100.00000000  GHB3
  1 50     102.98413086     100.00000000  GHB1
  3 50     102.98413086     100.00000000  GHB3
  1 51     102.97733307     100.00000000  GHB1
  3 51     102.97733307     100.00000000  GHB3
  1 52     103.02502441     100.00000000  GHB1
  3 52     103.02502441     100.00000000  GHB3
  1 53     103.00602722     100.00000000  GHB1
  3 53     103.00602722     100.00000000  GHB3
  1 54     102.98114014     100.00000000  GHB1
  3 54     102.98114014     100.00000000  GHB3
  1 55     102.95362854     100.00000000  GHB1
  3 55     102.95362854     100.00000000  GHB3
  1 56     102.95410919     100.00000000  GHB1
  3 56     102.95410919     100.00000000  GHB3
  1 57     102.92340851     100.00000000  GHB1
  3 57     102.92340851     100.00000000  GHB3
  1 58     102.89266205     100.00000000  GHB1
  3 58     102.89266205     100.00000000  GHB3
  1 59     102.86189270     100.00000000  GHB1
  3 59     102.86189270     100.00000000  GHB3
  1 60     102.83110809     100.00000000  GHB1
  3 60     102.83110809     100.00000000  GHB3
  1 61     102.82288361     100.00000000  GHB1
  3 61     102.82288361     100.00000000  GHB3
  1 62     102.79190063     100.00000000  GHB1
  3 62     102.79190063     100.00000000  GHB3
  1 63     102.76092529     100.00000000  GHB1
  3 63     102.76092529     100.00000000  GHB3
  1 64     102.76092529     100.00000000  GHB1
  3 64     102.76092529     100.00000000  GHB3
  1 67     102.72994232     100.00000000  GHB1
  3 67     102.72994232     100.00000000  GHB3
  1 68     102.69893646     100.00000000  GHB1
  3 68     102.69893646     100.00000000  GHB3
  1 69     102.66791534     100.00000000  GHB1
  3 69     102.66791534     100.00000000  GHB3
  1 70     102.63686371     100.00000000  GHB1
  3 70     102.63686371     100.00000000  GHB3
  1 71     102.60578156     100.00000000  GHB1
  3 71     102.60578156     100.00000000  GHB3
  1 72     102.57466125     100.00000000  GHB1
  3 72     102.57466125     100.00000000  GHB3
  1 73     102.54350281     100.00000000  GHB1
  3 73     102.54350281     100.00000000  GHB3
  1 74     102.51231384     100.00000000  GHB1
  3 74     102.51231384     100.00000000  GHB3
  1 75     102.48107910     100.00000000  GHB1
  3 75     102.48107910     100.00000000  GHB3
  1 76     102.44981384     100.00000000  GHB1
  3 76     102.44981384     100.00000000  GHB3
  1 77     102.41851044     100.00000000  GHB1
  3 77     102.41851044     100.00000000  GHB3
  1 78     102.38717651     100.00000000  GHB1
  3 78     102.38717651     100.00000000  GHB3
  1 79     102.35581207     100.00000000  GHB1
  3 79     102.35581207     100.00000000  GHB3
  1 80     102.32442474     100.00000000  GHB1
  3 80     102.32442474     100.00000000  GHB3
  1 81     102.29302216     100.00000000  GHB1
  3 81     102.29302216     100.00000000  GHB3
  1 82     102.26161194     100.00000000  GHB1
  3 82     102.26161194     100.00000000  GHB3
  1 83     102.23019409     100.00000000  GHB1
  3 83     102.23019409     100.00000000  GHB3
  1 84     102.19877625     100.00000000  GHB1
  3 84     102.19877625     100.00000000  GHB3
  1 85     102.16738129     100.00000000  GHB1
  3 85     102.16738129     100.00000000  GHB3
  1 86     102.13600159     100.00000000  GHB1
  3 86     102.13600159     100.00000000  GHB3
  1 87     102.02291870     100.00000000  GHB1
  3 87     102.02291870     100.00000000  GHB3
  1 172     102.13600159     100.00000000  GHB1
  3 172     102.13600159     100.00000000  GHB3
  1 173     101.99378967     100.00000000  GHB1
  3 173     101.99378967     100.00000000  GHB3
  1 258     102.13600159     100.00000000  GHB1
  3 258     102.13600159     100.00000000  GHB3
  1 259     101.96791840     100.00000000  GHB1
  3 259     101.96791840     100.00000000  GHB3
  1 344     102.13600159     100.00000000  GHB1
  3 344     102.13600159     100.00000000  GHB3
  1 345     101.93820190     100.00000000  GHB1
  3 345     101.93820190     100.00000000  GHB3
  1 433     102.10465240     100.00000000  GHB1
  3 433     102.10465240     100.00000000  GHB3
  1 434     101.93820190     100.00000000  GHB1
  3 434     101.93820190     100.00000000  GHB3
  1 519     102.10465240     100.00000000  GHB1
  3 519     102.10465240     100.00000000  GHB3
  1 520     101.90853119     100.00000000  GHB1
  3 520     101.90853119     100.00000000  GHB3
  1 605     102.08172607     100.00000000  GHB1
  3 605     102.08172607     100.00000000  GHB3
  1 606     101.88090515     100.00000000  GHB1
  3 606     101.88090515     100.00000000  GHB3
  1 691     102.05807495     100.00000000  GHB1
  3 691     102.05807495     100.00000000  GHB3
  1 692     101.85102081     100.00000000  GHB1
  3 692     101.85102081     100.00000000  GHB3
  1 777     102.03369141     100.00000000  GHB1
  3 777     102.03369141     100.00000000  GHB3
  1 778     101.82135010     100.00000000  GHB1
  3 778     101.82135010     100.00000000  GHB3
  1 866     101.97681427     100.00000000  GHB1
  3 866     101.97681427     100.00000000  GHB3
  1 867     101.79192352     100.00000000  GHB1
  3 867     101.79192352     100.00000000  GHB3
  1 952     101.95090485     100.00000000  GHB1
  3 952     101.95090485     100.00000000  GHB3
  1 953     101.76345825     100.00000000  GHB1
  3 953     101.76345825     100.00000000  GHB3
  1 1044     101.92430115     100.00000000  GHB1
  3 1044     101.92430115     100.00000000  GHB3
  1 1045     101.73445129     100.00000000  GHB1
  3 1045     101.73445129     100.00000000  GHB3
  1 1133     101.89700317     100.00000000  GHB1
  3 1133     101.89700317     100.00000000  GHB3
  1 1134     101.70585632     100.00000000  GHB1
  3 1134     101.70585632     100.00000000  GHB3
  1 1222     101.83695221     100.00000000  GHB1
  3 1222     101.83695221     100.00000000  GHB3
  1 1223     101.67771912     100.00000000  GHB1
  3 1223     101.67771912     100.00000000  GHB3
  1 1308     101.83695221     100.00000000  GHB1
  3 1308     101.83695221     100.00000000  GHB3
  1 1309     101.65090942     100.00000000  GHB1
  3 1309     101.65090942     100.00000000  GHB3
  1 1394     101.80822754     100.00000000  GHB1
  3 1394     101.80822754     100.00000000  GHB3
  1 1395     101.62409973     100.00000000  GHB1
  3 1395     101.62409973     100.00000000  GHB3
  1 1480     101.77884674     100.00000000  GHB1
  3 1480     101.77884674     100.00000000  GHB3
  1 1481     101.59803772     100.00000000  GHB1
  3 1481     101.59803772     100.00000000  GHB3
  1 1569     101.71652985     100.00000000  GHB1
  3 1569     101.71652985     100.00000000  GHB3
  1 1570     101.57283783     100.00000000  GHB1
  3 1570     101.57283783     100.00000000  GHB3
  1 1655     101.68576813     100.00000000  GHB1
  3 1655     101.68576813     100.00000000  GHB3
  1 1656     101.55123901     100.00000000  GHB1
  3 1656     101.55123901     100.00000000  GHB3
  1 1741     101.65435791     100.00000000  GHB1
  3 1741     101.65435791     100.00000000  GHB3
  1 1742     101.52874756     100.00000000  GHB1
  3 1742     101.52874756     100.00000000  GHB3
  1 1827     101.62231445     100.00000000  GHB1
  3 1827     101.62231445     100.00000000  GHB3
  1 1828     101.50756836     100.00000000  GHB1
  3 1828     101.50756836     100.00000000  GHB3
  1 1916     101.55700684     100.00000000  GHB1
  3 1916     101.55700684     100.00000000  GHB3
  1 1917     101.48781586     100.00000000  GHB1
  3 1917     101.48781586     100.00000000  GHB3
  1 2005     101.52359772     100.00000000  GHB1
  3 2005     101.52359772     100.00000000  GHB3
  1 2006     101.47314453     100.00000000  GHB1
  3 2006     101.47314453     100.00000000  GHB3
  1 2091     101.48954010     100.00000000  GHB1
  3 2091     101.48954010     100.00000000  GHB3
  1 2092     101.45618439     100.00000000  GHB1
  3 2092     101.45618439     100.00000000  GHB3
  1 2177     101.45483398     100.00000000  GHB1
  3 2177     101.45483398     100.00000000  GHB3
  1 2178     101.44032288     100.00000000  GHB1
  3 2178     101.44032288     100.00000000  GHB3
  1 2320     101.38639069     100.00000000  GHB1
  3 2320     101.38639069     100.00000000  GHB3
  1 2321     101.42536926     100.00000000  GHB1
  3 2321     101.42536926     100.00000000  GHB3
  1 2484     101.35024261     100.00000000  GHB1
  3 2484     101.35024261     100.00000000  GHB3
  1 2485     101.41357422     100.00000000  GHB1
  3 2485     101.41357422     100.00000000  GHB3
  1 2654     101.31341553     100.00000000  GHB1
  3 2654     101.31341553     100.00000000  GHB3
  1 2655     101.39933014     100.00000000  GHB1
  3 2655     101.39933014     100.00000000  GHB3
  1 2827     101.27589417     100.00000000  GHB1
  3 2827     101.27589417     100.00000000  GHB3
  1 2828     101.38525391     100.00000000  GHB1
  3 2828     101.38525391     100.00000000  GHB3
  1 3006     101.20403290     100.00000000  GHB1
  3 3006     101.20403290     100.00000000  GHB3
  1 3007     101.37113953     100.00000000  GHB1
  3 3007     101.37113953     100.00000000  GHB3
  1 3188     101.16491699     100.00000000  GHB1
  3 3188     101.16491699     100.00000000  GHB3
  1 3189     101.37113953     100.00000000  GHB1
  3 3189     101.37113953     100.00000000  GHB3
  1 3379     101.12505341     100.00000000  GHB1
  3 3379     101.12505341     100.00000000  GHB3
  1 3380     101.35787964     100.00000000  GHB1
  3 3380     101.35787964     100.00000000  GHB3
  1 3573     101.08441162     100.00000000  GHB1
  3 3573     101.08441162     100.00000000  GHB3
  1 3574     101.34263611     100.00000000  GHB1
  3 3574     101.34263611     100.00000000  GHB3
  1 3833     101.00881958     100.00000000  GHB1
  3 3833     101.00881958     100.00000000  GHB3
  1 3834     101.32676697     100.00000000  GHB1
  3 3834     101.32676697     100.00000000  GHB3
  1 4153     100.96640778     100.00000000  GHB1
  3 4153     100.96640778     100.00000000  GHB3
  1 4154     101.31011200     100.00000000  GHB1
  3 4154     101.31011200     100.00000000  GHB3
  1 4500     100.92314148     100.00000000  GHB1
  3 4500     100.92314148     100.00000000  GHB3
  1 4501     101.29217529     100.00000000  GHB1
  3 4501     101.29217529     100.00000000  GHB3
  1 4874     100.87899780     100.00000000  GHB1
  3 4874     100.87899780     100.00000000  GHB3
  1 4875     101.27286530     100.00000000  GHB1
  3 4875     101.27286530     100.00000000  GHB3
  1 5278     100.79956055     100.00000000  GHB1
  3 5278     100.79956055     100.00000000  GHB3
  1 5279     101.25229645     100.00000000  GHB1
  3 5279     101.25229645     100.00000000  GHB3
  1 5697     100.75350189     100.00000000  GHB1
  3 5697     100.75350189     100.00000000  GHB3
  1 5698     101.23038483     100.00000000  GHB1
  3 5698     101.23038483     100.00000000  GHB3
  1 6128     100.70650482     100.00000000  GHB1
  3 6128     100.70650482     100.00000000  GHB3
  1 6129     101.20417023     100.00000000  GHB1
  3 6129     101.20417023     100.00000000  GHB3
  1 6592     100.70650482     100.00000000  GHB1
  3 6592     100.70650482     100.00000000  GHB3
  1 6593     101.17819977     100.00000000  GHB1
  3 6593     101.17819977     100.00000000  GHB3
  1 7092     100.65855408     100.00000000  GHB1
  3 7092     100.65855408     100.00000000  GHB3
  1 7093     101.15063477     100.00000000  GHB1
  3 7093     101.15063477     100.00000000  GHB3
  1 7613     100.57550049     100.00000000  GHB1
  3 7613     100.57550049     100.00000000  GHB3
  1 7614     101.12152100     100.00000000  GHB1
  3 7614     101.12152100     100.00000000  GHB3
  1 8149     100.52561951     100.00000000  GHB1
  3 8149     100.52561951     100.00000000  GHB3
  1 8150     101.08300781     100.00000000  GHB1
  3 8150     101.08300781     100.00000000  GHB3
  1 8682     100.47476959     100.00000000  GHB1
  3 8682     100.47476959     100.00000000  GHB3
  1 8683     101.04914093     100.00000000  GHB1
  3 8683     101.04914093     100.00000000  GHB3
  1 9218     100.42294312     100.00000000  GHB1
  3 9218     100.42294312     100.00000000  GHB3
  1 9219     101.01399231     100.00000000  GHB1
  3 9219     101.01399231     100.00000000  GHB3
  1 9745     100.33692932     100.00000000  GHB1
  3 9745     100.33692932     100.00000000  GHB3
  1 9746     100.97783661     100.00000000  GHB1
  3 9746     100.97783661     100.00000000  GHB3
  1 10272     100.28334045     100.00000000  GHB1
  3 10272     100.28334045     100.00000000  GHB3
  1 10273     100.92457581     100.00000000  GHB1
  3 10273     100.92457581     100.00000000  GHB3
  1 10784     100.22882080     100.00000000  GHB1
  3 10784     100.22882080     100.00000000  GHB3
  1 10785     100.88483429     100.00000000  GHB1
  3 10785     100.88483429     100.00000000  GHB3
  1 11290     100.17337799     100.00000000  GHB1
  3 11290     100.17337799     100.00000000  GHB3
  1 11291     100.84532166     100.00000000  GHB1
  3 11291     100.84532166     100.00000000  GHB3
  1 11790     100.08540344     100.00000000  GHB1
  3 11790     100.08540344     100.00000000  GHB3
  1 11791     100.80666351     100.00000000  GHB1
  3 11791     100.80666351     100.00000000  GHB3
  1 12272     100.02851868     100.00000000  GHB1
  3 12272     100.02851868     100.00000000  GHB3
  1 12273     100.74291992     100.00000000  GHB1
  3 12273     100.74291992     100.00000000  GHB3
  1 12739      99.97080231     100.00000000  GHB1
  3 12739      99.97080231     100.00000000  GHB3
  1 12740     100.70581055     100.00000000  GHB1
  3 12740     100.70581055     100.00000000  GHB3
  1 13188      99.91230011     100.00000000  GHB1
  3 13188      99.91230011     100.00000000  GHB3
  1 13189     100.67051697     100.00000000  GHB1
  3 13189     100.67051697     100.00000000  GHB3
  1 13625      99.82347107     100.00000000  GHB1
  3 13625      99.82347107     100.00000000  GHB3
  1 13626     100.63642883     100.00000000  GHB1
  3 13626     100.63642883     100.00000000  GHB3
  1 14041      99.76390076     100.00000000  GHB1
  3 14041      99.76390076     100.00000000  GHB3
  1 14042     100.60735321     100.00000000  GHB1
  3 14042     100.60735321     100.00000000  GHB3
  1 14436      99.70365906     100.00000000  GHB1
  3 14436      99.70365906     100.00000000  GHB3
  1 14437     100.57341003     100.00000000  GHB1
  3 14437     100.57341003     100.00000000  GHB3
  1 14813      99.64277649     100.00000000  GHB1
  3 14813      99.64277649     100.00000000  GHB3
  1 14814     100.53988647     100.00000000  GHB1
  3 14814     100.53988647     100.00000000  GHB3
  1 15154      99.55411530     100.00000000  GHB1
  3 15154      99.55411530     100.00000000  GHB3
  1 15155     100.50669098     100.00000000  GHB1
  3 15155     100.50669098     100.00000000  GHB3
  1 15435      99.49253845     100.00000000  GHB1
  3 15435      99.49253845     100.00000000  GHB3
  1 15436     100.44202423     100.00000000  GHB1
  3 15436     100.44202423     100.00000000  GHB3
  1 15644      99.43044281     100.00000000  GHB1
  3 15644      99.43044281     100.00000000  GHB3
  1 15645     100.40864563     100.00000000  GHB1
  3 15645     100.40864563     100.00000000  GHB3
  1 15823      99.36786652     100.00000000  GHB1
  3 15823      99.36786652     100.00000000  GHB3
  1 15824     100.37558746     100.00000000  GHB1
  3 15824     100.37558746     100.00000000  GHB3
  1 15993      99.28016663     100.00000000  GHB1
  3 15993      99.28016663     100.00000000  GHB3
  1 15994     100.34284210     100.00000000  GHB1
  3 15994     100.34284210     100.00000000  GHB3
  1 16151      99.21720123     100.00000000  GHB1
  3 16151      99.21720123     100.00000000  GHB3
  1 16152     100.31037903     100.00000000  GHB1
  3 16152     100.31037903     100.00000000  GHB3
  1 16300      99.15385437     100.00000000  GHB1
  3 16300      99.15385437     100.00000000  GHB3
  1 16301     100.24361420     100.00000000  GHB1
  3 16301     100.24361420     100.00000000  GHB3
  1 16443      99.15385437     100.00000000  GHB1
  3 16443      99.15385437     100.00000000  GHB3
  1 16444     100.21138000     100.00000000  GHB1
  3 16444     100.21138000     100.00000000  GHB3
  1 16577      99.09015656     100.00000000  GHB1
  3 16577      99.09015656     100.00000000  GHB3
  1 16578     100.17945862     100.00000000  GHB1
  3 16578     100.17945862     100.00000000  GHB3
  1 16699      99.02613068     100.00000000  GHB1
  3 16699      99.02613068     100.00000000  GHB3
  1 16700     100.14780426     100.00000000  GHB1
  3 16700     100.14780426     100.00000000  GHB3
  1 16800      98.96180725     100.00000000  GHB1
  3 16800      98.96180725     100.00000000  GHB3
  1 16801     100.08106995     100.00000000  GHB1
  3 16801     100.08106995     100.00000000  GHB3
  1 16889      98.89721680     100.00000000  GHB1
  3 16889      98.89721680     100.00000000  GHB3
  1 16890     100.04991150     100.00000000  GHB1
  3 16890     100.04991150     100.00000000  GHB3
  1 16975      98.83237457     100.00000000  GHB1
  3 16975      98.83237457     100.00000000  GHB3
  1 16976     100.01901245     100.00000000  GHB1
  3 16976     100.01901245     100.00000000  GHB3
  1 17061      98.76731110     100.00000000  GHB1
  3 17061      98.76731110     100.00000000  GHB3
  1 17062      99.98834991     100.00000000  GHB1
  3 17062      99.98834991     100.00000000  GHB3
  1 17147      98.70204926     100.00000000  GHB1
  3 17147      98.70204926     100.00000000  GHB3
  1 17148      99.92290497     100.00000000  GHB1
  3 17148      99.92290497     100.00000000  GHB3
  1 17236      98.63658905     100.00000000  GHB1
  3 17236      98.63658905     100.00000000  GHB3
  1 17237      99.89286804     100.00000000  GHB1
  3 17237      99.89286804     100.00000000  GHB3
  1 17322      98.57096863     100.00000000  GHB1
  3 17322      98.57096863     100.00000000  GHB3
  1 17323      99.86305237     100.00000000  GHB1
  3 17323      99.86305237     100.00000000  GHB3
  1 17408      98.50519562     100.00000000  GHB1
  3 17408      98.50519562     100.00000000  GHB3
  1 17409      99.83345032     100.00000000  GHB1
  3 17409      99.83345032     100.00000000  GHB3
  1 17494      98.43928528     100.00000000  GHB1
  3 17494      98.43928528     100.00000000  GHB3
  1 17495      99.77001190     100.00000000  GHB1
  3 17495      99.77001190     100.00000000  GHB3
  1 17580      98.37323761     100.00000000  GHB1
  3 17580      98.37323761     100.00000000  GHB3
  1 17581      99.74111938     100.00000000  GHB1
  3 17581      99.74111938     100.00000000  GHB3
  1 17666      98.30708313     100.00000000  GHB1
  3 17666      98.30708313     100.00000000  GHB3
  1 17667      99.71244049     100.00000000  GHB1
  3 17667      99.71244049     100.00000000  GHB3
  1 17752      98.24081421     100.00000000  GHB1
  3 17752      98.24081421     100.00000000  GHB3
  1 17753      99.68399048     100.00000000  GHB1
  3 17753      99.68399048     100.00000000  GHB3
  1 17838      98.17444611     100.00000000  GHB1
  3 17838      98.17444611     100.00000000  GHB3
  1 17839      99.62291718     100.00000000  GHB1
  3 17839      99.62291718     100.00000000  GHB3
  1 17924      98.10799408     100.00000000  GHB1
  3 17924      98.10799408     100.00000000  GHB3
  1 17925      99.62291718     100.00000000  GHB1
  3 17925      99.62291718     100.00000000  GHB3
  1 18010      98.04145050     100.00000000  GHB1
  3 18010      98.04145050     100.00000000  GHB3
  1 18011      99.59523773     100.00000000  GHB1
  3 18011      99.59523773     100.00000000  GHB3
  1 18096      97.97483063     100.00000000  GHB1
  3 18096      97.97483063     100.00000000  GHB3
  1 18097      99.56781006     100.00000000  GHB1
  3 18097      99.56781006     100.00000000  GHB3
  1 18185      97.90814209     100.00000000  GHB1
  3 18185      97.90814209     100.00000000  GHB3
  1 18186      99.50866699     100.00000000  GHB1
  3 18186      99.50866699     100.00000000  GHB3
  1 18271      97.84137726     100.00000000  GHB1
  3 18271      97.84137726     100.00000000  GHB3
  1 18272      99.48205566     100.00000000  GHB1
  3 18272      99.48205566     100.00000000  GHB3
  1 18360      97.77455902     100.00000000  GHB1
  3 18360      97.77455902     100.00000000  GHB3
  1 18361      99.45572662     100.00000000  GHB1
  3 18361      99.45572662     100.00000000  GHB3
  1 18461      97.77455902     100.00000000  GHB1
  3 18461      97.77455902     100.00000000  GHB3
  1 18462      97.77455902     100.00000000  GHB1
  3 18462      97.77455902     100.00000000  GHB3
  1 18463      97.70767975     100.00000000  GHB1
  3 18463      97.70767975     100.00000000  GHB3
  1 18464      97.70767975     100.00000000  GHB1
  3 18464      97.70767975     100.00000000  GHB3
  1 18465      99.42967224     100.00000000  GHB1
  3 18465      99.42967224     100.00000000  GHB3
  1 18547      97.70767975     100.00000000  GHB1
  3 18547      97.70767975     100.00000000  GHB3
  1 18548      97.70767975     100.00000000  GHB1
  3 18548      97.70767975     100.00000000  GHB3
  1 18549      97.64075470     100.00000000  GHB1
  3 18549      97.64075470     100.00000000  GHB3
  1 18550      97.64075470     100.00000000  GHB1
  3 18550      97.64075470     100.00000000  GHB3
  1 18551      99.37303925     100.00000000  GHB1
  3 18551      99.37303925     100.00000000  GHB3
  1 18633      97.57378387     100.00000000  GHB1
  3 18633      97.57378387     100.00000000  GHB3
  1 18634      99.34786224     100.00000000  GHB1
  3 18634      99.34786224     100.00000000  GHB3
  1 18716      97.50678253     100.00000000  GHB1
  3 18716      97.50678253     100.00000000  GHB3
  1 18717      99.32300568     100.00000000  GHB1
  3 18717      99.32300568     100.00000000  GHB3
  1 18799      97.50678253     100.00000000  GHB1
  3 18799      97.50678253     100.00000000  GHB3
  1 18800      99.29846191     100.00000000  GHB1
  3 18800      99.29846191     100.00000000  GHB3
  1 18882      97.43976593     100.00000000  GHB1
  3 18882      97.43976593     100.00000000  GHB3
  1 18883      99.27425385     100.00000000  GHB1
  3 18883      99.27425385     100.00000000  GHB3
  1 18965      97.37274933     100.00000000  GHB1
  3 18965      97.37274933     100.00000000  GHB3
  1 18966      99.22066498     100.00000000  GHB1
  3 18966      99.22066498     100.00000000  GHB3
  1 19048      97.30577850     100.00000000  GHB1
  3 19048      97.30577850     100.00000000  GHB3
  1 19049      99.22066498     100.00000000  GHB1
  3 19049      99.22066498     100.00000000  GHB3
  1 19050      99.19083405     100.00000000  GHB1
  3 19050      99.19083405     100.00000000  GHB3
  1 19051      99.16090393     100.00000000  GHB1
  3 19051      99.16090393     100.00000000  GHB3
  1 19052      99.13088989     100.00000000  GHB1
  3 19052      99.13088989     100.00000000  GHB3
  1 19053      99.10079193     100.00000000  GHB1
  3 19053      99.10079193     100.00000000  GHB3
  1 19054      99.07063293     100.00000000  GHB1
  3 19054      99.07063293     100.00000000  GHB3
  1 19055      99.04041290     100.00000000  GHB1
  3 19055      99.04041290     100.00000000  GHB3
  1 19056      99.03238678     100.00000000  GHB1
  3 19056      99.03238678     100.00000000  GHB3
  1 19057      99.00192261     100.00000000  GHB1
  3 19057      99.00192261     100.00000000  GHB3
  1 19058      98.97143555     100.00000000  GHB1
  3 19058      98.97143555     100.00000000  GHB3
  1 19059      98.94092560     100.00000000  GHB1
  3 19059      98.94092560     100.00000000  GHB3
  1 19060      98.93243408     100.00000000  GHB1
  3 19060      98.93243408     100.00000000  GHB3
  1 19061      98.90179443     100.00000000  GHB1
  3 19061      98.90179443     100.00000000  GHB3
  1 19062      98.87114716     100.00000000  GHB1
  3 19062      98.87114716     100.00000000  GHB3
  1 19063      98.84049988     100.00000000  GHB1
  3 19063      98.84049988     100.00000000  GHB3
  1 19064      98.83193970     100.00000000  GHB1
  3 19064      98.83193970     100.00000000  GHB3
  1 19065      98.83193970     100.00000000  GHB1
  3 19065      98.83193970     100.00000000  GHB3
  1 19066      98.80121613     100.00000000  GHB1
  3 19066      98.80121613     100.00000000  GHB3
  1 19067      98.77048492     100.00000000  GHB1
  3 19067      98.77048492     100.00000000  GHB3
  1 19068      98.76219940     100.00000000  GHB1
  3 19068      98.76219940     100.00000000  GHB3
  1 19069      98.73141479     100.00000000  GHB1
  3 19069      98.73141479     100.00000000  GHB3
  1 19070      98.70058441     100.00000000  GHB1
  3 19070      98.70058441     100.00000000  GHB3
  1 19071      98.66969299     100.00000000  GHB1
  3 19071      98.66969299     100.00000000  GHB3
  1 19072      98.66184998     100.00000000  GHB1
  3 19072      98.66184998     100.00000000  GHB3
  1 19073      98.63082886     100.00000000  GHB1
  3 19073      98.63082886     100.00000000  GHB3
  1 19074      98.59968567     100.00000000  GHB1
  3 19074      98.59968567     100.00000000  GHB3
  1 19075      98.56838226     100.00000000  GHB1
  3 19075      98.56838226     100.00000000  GHB3
  1 19076      98.53691864     100.00000000  GHB1
  3 19076      98.53691864     100.00000000  GHB3
  1 19077      98.52938080     100.00000000  GHB1
  3 19077      98.52938080     100.00000000  GHB3
  1 19078      98.49755096     100.00000000  GHB1
  3 19078      98.49755096     100.00000000  GHB3
  1 19079      98.46547699     100.00000000  GHB1
  3 19079      98.46547699     100.00000000  GHB3
  1 19080      98.43312073     100.00000000  GHB1
  3 19080      98.43312073     100.00000000  GHB3
  1 19081      98.42560577     100.00000000  GHB1
  3 19081      98.42560577     100.00000000  GHB3
  1 19082      98.39266205     100.00000000  GHB1
  3 19082      98.39266205     100.00000000  GHB3
  1 19083      98.35936737     100.00000000  GHB1
  3 19083      98.35936737     100.00000000  GHB3
  1 19084      98.32571411     100.00000000  GHB1
  3 19084      98.32571411     100.00000000  GHB3
  1 19085      98.31771851     100.00000000  GHB1
  3 19085      98.31771851     100.00000000  GHB3
  1 19086      98.28324890     100.00000000  GHB1
  3 19086      98.28324890     100.00000000  GHB3
  1 19087      98.24836731     100.00000000  GHB1
  3 19087      98.24836731     100.00000000  GHB3
  1 19088      98.21306610     100.00000000  GHB1
  3 19088      98.21306610     100.00000000  GHB3
  1 19089      98.20409393     100.00000000  GHB1
  3 19089      98.20409393     100.00000000  GHB3
  1 19090      98.16781616     100.00000000  GHB1
  3 19090      98.16781616     100.00000000  GHB3
  1 19091      98.13111115     100.00000000  GHB1
  3 19091      98.13111115     100.00000000  GHB3
  1 19092      98.09397888     100.00000000  GHB1
  3 19092      98.09397888     100.00000000  GHB3
  1 19093      98.08363342     100.00000000  GHB1
  3 19093      98.08363342     100.00000000  GHB3
  1 19094      98.04544067     100.00000000  GHB1
  3 19094      98.04544067     100.00000000  GHB3
  1 19095      98.00682831     100.00000000  GHB1
  3 19095      98.00682831     100.00000000  GHB3
  1 19096      97.96780396     100.00000000  GHB1
  3 19096      97.96780396     100.00000000  GHB3
  1 19097      97.95590973     100.00000000  GHB1
  3 19097      97.95590973     100.00000000  GHB3
  1 19098      97.91579437     100.00000000  GHB1
  3 19098      97.91579437     100.00000000  GHB3
  1 19099      97.91579437     100.00000000  GHB1
  3 19099      97.91579437     100.00000000  GHB3
  1 19100      97.87527466     100.00000000  GHB1
  3 19100      97.87527466     100.00000000  GHB3
  1 19101      97.83436584     100.00000000  GHB1
  3 19101      97.83436584     100.00000000  GHB3
  1 19102      97.82092285     100.00000000  GHB1
  3 19102      97.82092285     100.00000000  GHB3
  1 19103      97.77890778     100.00000000  GHB1
  3 19103      97.77890778     100.00000000  GHB3
  1 19104      97.73651123     100.00000000  GHB1
  3 19104      97.73651123     100.00000000  GHB3
  1 19105      97.69373322     100.00000000  GHB1
  3 19105      97.69373322     100.00000000  GHB3
  1 19106      97.67890167     100.00000000  GHB1
  3 19106      97.67890167     100.00000000  GHB3
  1 19107      97.63500214     100.00000000  GHB1
  3 19107      97.63500214     100.00000000  GHB3
  1 19108      97.59072113     100.00000000  GHB1
  3 19108      97.59072113     100.00000000  GHB3
  1 19109      97.54607391     100.00000000  GHB1
  3 19109      97.54607391     100.00000000  GHB3
  1 19110      97.53024292     100.00000000  GHB1
  3 19110      97.53024292     100.00000000  GHB3
  1 19111      97.48444366     100.00000000  GHB1
  3 19111      97.48444366     100.00000000  GHB3
  1 19112      97.43826294     100.00000000  GHB1
  3 19112      97.43826294     100.00000000  GHB3
  1 19113      97.39170837     100.00000000  GHB1
  3 19113      97.39170837     100.00000000  GHB3
  1 19114      97.37593079     100.00000000  GHB1
  3 19114      97.37593079     100.00000000  GHB3
  1 19115      97.32831573     100.00000000  GHB1
  3 19115      97.32831573     100.00000000  GHB3
  1 19116      97.28030396     100.00000000  GHB1
  3 19116      97.28030396     100.00000000  GHB3
  1 19117      97.23189545     100.00000000  GHB1
  3 19117      97.23189545     100.00000000  GHB3
  1 19118      97.22069550     100.00000000  GHB1
  3 19118      97.22069550     100.00000000  GHB3
  1 19119      97.17295074     100.00000000  GHB1
  3 19119      97.17295074     100.00000000  GHB3
  1 19120      97.12607574     100.00000000  GHB1
  3 19120      97.12607574     100.00000000  GHB3
  1 19121      97.08223724     100.00000000  GHB1
  3 19121      97.08223724     100.00000000  GHB3
  1 19122      97.11698151     100.00000000  GHB1
  3 19122      97.11698151     100.00000000  GHB3
  1 19123      97.10643768     100.00000000  GHB1
  3 19123      97.10643768     100.00000000  GHB3
  1 19124      97.10643768     100.00000000  GHB1
  3 19124      97.10643768     100.00000000  GHB3
  1 19125      97.10643768     100.00000000  GHB1
  3 19125      97.10643768     100.00000000  GHB3
  1 19126      97.10643768     100.00000000  GHB1
  3 19126      97.10643768     100.00000000  GHB3
  1 19127      97.17233276     100.00000000  GHB1
  3 19127      97.17233276     100.00000000  GHB3
  1 19128      97.17233276     100.00000000  GHB1
  3 19128      97.17233276     100.00000000  GHB3
  1 19129      97.17233276     100.00000000  GHB1
  3 19129      97.17233276     100.00000000  GHB3
  1 19130      97.17233276     100.00000000  GHB1
  3 19130      97.17233276     100.00000000  GHB3
  1 19131      97.23892212     100.00000000  GHB1
  3 19131      97.23892212     100.00000000  GHB3
